-0.363357 0.336650 2.786027 1.000000
-0.006537 0.384807 2.574098 1.000000
-0.248822 0.428337 2.581764 0.000000
-0.125211 0.242159 2.747580 0.000000
-0.314284 0.063228 2.696066 0.375000
-0.017600 0.091254 2.522233 1.000000
-0.098885 0.064140 2.721485 0.000000
-0.418449 0.049799 2.738781 1.000000
0.100169 0.519907 2.333447 1.000000
-0.440064 -0.268631 2.692795 1.000000
0.087541 0.800906 2.175779 1.000000
-0.438163 -0.336429 2.645921 0.610577
0.113247 0.879164 2.179286 1.000000
-0.297991 -0.509721 2.691298 1.000000
-0.064280 -0.498051 2.651431 1.000000
-0.282893 -0.956686 2.790085 1.000000
-0.117824 -0.945525 2.733066 0.791106
-0.402166 -0.999930 2.612652 0.000000
-0.225043 -0.967125 2.544344 0.000000
-0.184538 0.657478 2.644635 1.000000
-0.361954 0.339571 2.807196 1.000000
-0.033006 0.359849 2.557919 1.000000
-0.266707 0.417201 2.587766 0.000000
-0.134794 0.230692 2.746669 0.000000
-0.301957 0.050912 2.721034 0.125000
-0.042197 0.077056 2.495498 1.000000
-0.085558 0.050597 2.706362 0.000000
-0.419898 0.057772 2.745700 1.000000
0.029715 0.541382 2.335069 1.000000
-0.426492 -0.259920 2.703046 1.000000
-0.068268 0.808793 2.187823 1.000000
-0.430722 -0.329645 2.659253 0.644231
-0.100073 0.884239 2.197500 1.000000
-0.299584 -0.524018 2.691356 1.000000
-0.054931 -0.505210 2.654956 1.000000
-0.265514 -0.968465 2.796567 0.831731
-0.126081 -0.950745 2.733696 0.816106
-0.417213 -1.015488 2.647052 0.000000
-0.260369 -0.959637 2.562038 0.000000
-0.183125 0.662563 2.661386 1.000000
-0.362801 0.309772 2.814375 1.000000
-0.038753 0.365226 2.560363 1.000000
-0.274396 0.413655 2.603091 0.000000
-0.135250 0.213187 2.736837 0.000000
-0.303850 0.050186 2.712179 0.000000
-0.035757 0.062436 2.495381 1.000000
-0.087229 0.041889 2.705077 0.000000
-0.415451 0.029809 2.744983 1.000000
-0.013057 0.549690 2.333914 1.000000
-0.421589 -0.287598 2.708755 1.000000
-0.173429 0.801389 2.219783 1.000000
-0.411832 -0.348833 2.654418 0.711538
-0.210019 0.874024 2.233300 1.000000
-0.298710 -0.529617 2.689644 1.000000
-0.053237 -0.514610 2.658579 1.000000
-0.274538 -0.972245 2.804796 0.703606
-0.158637 -0.952957 2.739243 0.191106
-0.418672 -1.020793 2.648441 0.000000
-0.273031 -0.959605 2.553641 0.000000
-0.187359 0.653698 2.646103 1.000000
-0.368187 0.283603 2.814693 1.000000
-0.050706 0.359042 2.557267 1.000000
-0.286944 0.398546 2.606280 0.000000
-0.139423 0.197133 2.729192 0.000000
-0.306029 0.027480 2.717890 0.000000
-0.043268 0.044890 2.495004 1.000000
-0.089481 0.024612 2.705947 0.000000
-0.411237 0.003240 2.744092 1.000000
-0.045159 0.551092 2.336978 1.000000
-0.409236 -0.310369 2.688248 1.000000
-0.254762 0.773746 2.247730 1.000000
-0.415734 -0.390798 2.671326 0.173077
-0.305164 0.836771 2.264608 1.000000
-0.298387 -0.551042 2.695062 1.000000
-0.051540 -0.532099 2.665164 1.000000
-0.284818 -0.994328 2.809420 0.631731
-0.218445 -0.950941 2.745648 0.369231
-0.431602 -1.038831 2.654332 0.000000
-0.302876 -0.955932 2.544588 0.000000
-0.194733 0.655619 2.631591 1.000000
-0.360000 0.281724 2.819215 0.990385
-0.057789 0.384722 2.551988 1.000000
-0.294301 0.407975 2.611870 0.000000
-0.130141 0.212141 2.722040 0.000000
-0.290305 0.039958 2.718695 0.000000
-0.039184 0.060181 2.482995 1.000000
-0.074589 0.040963 2.696117 0.000000
-0.408312 0.004942 2.743006 1.000000
-0.080005 0.568358 2.327190 1.000000
-0.401863 -0.308872 2.696830 1.000000
-0.339854 0.745344 2.284678 1.000000
-0.391901 -0.385634 2.668445 0.290865
-0.391493 0.802041 2.314948 1.000000
-0.303348 -0.534950 2.689243 1.000000
-0.049514 -0.519010 2.657920 1.000000
-0.260662 -0.979200 2.792122 0.581731
-0.167792 -0.954804 2.734455 0.209856
-0.421582 -1.026922 2.652816 0.000000
-0.299028 -0.949771 2.560299 0.000000
-0.193438 0.662606 2.610945 0.836538
-0.354440 0.328924 2.819488 1.000000
-0.054024 0.406195 2.543485 1.000000
-0.288921 0.437339 2.602229 0.000000
-0.126220 0.248913 2.726570 0.000000
-0.297856 0.060215 2.719419 0.000000
-0.047037 0.093452 2.484875 1.000000
-0.082177 0.065412 2.697062 0.000000
-0.411626 0.050504 2.759834 1.000000
-0.101738 0.585465 2.320030 1.000000
-0.405098 -0.261870 2.709302 1.000000
-0.369005 0.752805 2.292844 1.000000
-0.392403 -0.338029 2.680387 0.661058
-0.418953 0.791145 2.346066 0.879808
-0.295400 -0.512323 2.688177 1.000000
-0.053048 -0.490801 2.646172 1.000000
-0.299727 -0.965778 2.752396 0.903606
-0.113159 -0.940585 2.708181 1.000000
-0.454648 -0.985859 2.600163 0.000000
-0.260379 -0.943097 2.547251 0.000000
-0.174831 0.685645 2.631587 0.048077
-0.357870 0.306307 2.823412 1.000000
-0.057425 0.376592 2.546395 1.000000
-0.289322 0.417970 2.608748 0.000000
-0.135158 0.217655 2.725127 0.000000
-0.297805 0.049334 2.720581 0.000000
-0.048588 0.072882 2.483176 1.000000
-0.082291 0.049302 2.696136 0.000000
-0.412004 0.031493 2.749050 1.000000
-0.084554 0.571123 2.333311 1.000000
-0.405534 -0.282024 2.711540 1.000000
-0.330459 0.764157 2.288470 1.000000
-0.381283 -0.339342 2.657466 0.644231
-0.381918 0.821886 2.317047 1.000000
-0.298002 -0.526306 2.692781 1.000000
-0.052397 -0.507052 2.651372 1.000000
-0.274242 -0.980363 2.747847 0.681731
-0.128062 -0.954405 2.713935 0.844231
-0.433548 -1.006489 2.601159 0.000000
-0.269650 -0.953661 2.548011 0.000000
-0.174927 0.658089 2.632955 0.817308
-0.372831 0.286380 2.815480 1.000000
-0.062574 0.374265 2.554141 1.000000
-0.298411 0.406830 2.607631 0.000000
-0.143478 0.207393 2.724495 0.000000
-0.290781 0.055856 2.712305 0.067308
-0.038540 0.029736 2.478387 1.000000
-0.077147 0.024516 2.691756 0.000000
-0.422237 0.004907 2.772620 0.907692
-0.054596 0.573216 2.344714 1.000000
-0.364301 -0.232826 2.574379 0.865385
-0.250073 0.805296 2.260448 1.000000
-0.346453 -0.293850 2.521892 0.000000
-0.304269 0.862945 2.283617 1.000000
-0.314501 -0.533806 2.686181 1.000000
-0.057487 -0.532684 2.658035 1.000000
-0.267923 -0.976082 2.795665 0.600481
-0.144867 -0.977574 2.722853 0.303606
-0.425197 -1.027801 2.653649 0.000000
-0.280070 -0.975957 2.551693 0.000000
-0.190737 0.660078 2.630549 1.000000
-0.381777 0.249093 2.805031 1.000000
-0.072431 0.358533 2.551504 1.000000
-0.311282 0.372652 2.597639 0.062500
-0.144254 0.187836 2.721661 0.000000
-0.308581 0.010761 2.717040 0.000000
-0.046787 0.044316 2.494862 1.000000
-0.092057 0.014346 2.704854 0.000000
-0.413552 -0.030321 2.740669 1.000000
-0.019695 0.565251 2.357311 1.000000
-0.415830 -0.341177 2.693717 1.000000
-0.164812 0.815344 2.233881 1.000000
-0.416400 -0.422721 2.681568 0.000000
-0.217176 0.878833 2.238841 1.000000
-0.304094 -0.559797 2.699507 1.000000
-0.056111 -0.538246 2.657362 1.000000
-0.260770 -1.003766 2.803330 0.769231
-0.136196 -0.983369 2.729584 0.547356
-0.412412 -1.053348 2.654585 0.000000
-0.268897 -0.987574 2.556520 0.000000
-0.197504 0.644043 2.630492 1.000000
-0.397158 0.238118 2.803965 1.000000
-0.084616 0.341434 2.553232 1.000000
-0.324524 0.349753 2.590635 0.000000
-0.155013 0.180417 2.732156 0.000000
-0.316530 -0.008363 2.716611 0.000000
-0.050176 0.034966 2.501661 1.000000
-0.100133 0.005070 2.710597 0.000000
-0.418112 -0.041618 2.738533 1.000000
0.010357 0.548264 2.376671 1.000000
-0.425045 -0.351233 2.687235 1.000000
-0.066818 0.810237 2.221895 1.000000
-0.426871 -0.432552 2.673769 0.000000
-0.115199 0.872575 2.198007 1.000000
-0.308116 -0.574586 2.706908 1.000000
-0.064766 -0.551919 2.663747 1.000000
-0.281755 -1.020261 2.809098 0.559856
-0.131082 -1.001077 2.723938 0.606731
-0.428651 -1.064503 2.654041 0.000000
-0.273559 -1.002173 2.558779 0.000000
-0.217196 0.632500 2.626784 1.000000
-0.372461 0.310947 2.781386 1.000000
-0.030478 0.382574 2.557430 1.000000
-0.271026 0.417910 2.577627 0.000000
-0.133705 0.226854 2.726212 0.000000
-0.297549 0.049484 2.705308 0.000000
-0.012087 0.060193 2.511862 1.000000
-0.081191 0.058735 2.717450 0.000000
-0.419097 0.031136 2.736248 1.000000
0.069881 0.567345 2.361740 1.000000
-0.438739 -0.279813 2.706034 1.000000
0.058565 0.829105 2.190446 1.000000
-0.450370 -0.357574 2.681229 0.223558
0.081220 0.908261 2.186156 1.000000
-0.364958 -0.510302 2.683520 1.000000
-0.073327 -0.527570 2.657702 1.000000
-0.113663 -0.882271 2.774371 1.000000
-0.127915 -0.978738 2.714549 0.903606
-0.285873 -1.009088 2.731484 0.000000
-0.257262 -0.985203 2.539033 0.000000
-0.220542 0.678775 2.607810 1.000000
-0.359333 0.352529 2.781150 1.000000
-0.006542 0.391896 2.564362 1.000000
-0.243801 0.449843 2.580077 0.000000
-0.128527 0.246216 2.730692 0.000000
-0.304770 0.077608 2.700408 0.000000
-0.012876 0.084171 2.516616 1.000000
-0.088737 0.078288 2.719728 0.000000
-0.419972 0.075305 2.738782 1.000000
0.110966 0.557435 2.361597 1.000000
-0.441722 -0.234107 2.699237 1.000000
0.161663 0.815681 2.192744 1.000000
-0.450824 -0.300608 2.651361 0.762019
0.187518 0.893745 2.186828 1.000000
-0.320993 -0.499970 2.677528 1.000000
-0.070485 -0.503726 2.645019 1.000000
-0.126484 -0.894979 2.803616 1.000000
-0.098424 -0.956176 2.710383 1.000000
-0.283625 -1.005374 2.700184 0.000000
-0.213824 -0.975642 2.526312 0.000000
-0.217590 0.678315 2.617885 0.951923
-0.360927 0.357441 2.773042 1.000000
0.004127 0.398151 2.574057 1.000000
-0.234791 0.457503 2.579844 0.000000
-0.128633 0.250244 2.732197 0.000000
-0.307344 0.074508 2.692866 0.163462
-0.006765 0.117089 2.528963 1.000000
-0.092694 0.076518 2.723935 0.000000
-0.423387 0.076186 2.730910 1.000000
0.154059 0.541964 2.370048 1.000000
-0.447270 -0.239004 2.703076 1.000000
0.258400 0.784826 2.194491 1.000000
-0.451923 -0.309271 2.660200 0.846154
0.277718 0.864242 2.183659 1.000000
-0.305920 -0.489091 2.683888 1.000000
-0.073580 -0.475539 2.651939 1.000000
-0.268023 -0.914714 2.848731 1.000000
-0.082223 -0.928648 2.718133 0.616106
-0.389448 -0.989456 2.683661 0.000000
-0.204509 -0.952472 2.539088 0.000000
-0.214560 0.675724 2.620007 1.000000
-0.354225 0.354080 2.762465 1.000000
0.022708 0.397981 2.582520 1.000000
-0.219005 0.453495 2.575168 0.000000
-0.118478 0.249930 2.736079 0.000000
-0.302545 0.084171 2.689348 0.548077
0.006265 0.085787 2.535533 1.000000
-0.090319 0.062079 2.728285 0.000000
-0.421892 0.067869 2.722832 1.000000
0.206188 0.515255 2.380905 1.000000
-0.451439 -0.251455 2.680994 1.000000
0.360824 0.734923 2.200835 1.000000
-0.452848 -0.328352 2.651289 0.778846
0.411862 0.799647 2.199000 1.000000
-0.298499 -0.495018 2.688274 1.000000
-0.069183 -0.492629 2.668120 1.000000
-0.334917 -0.934265 2.812771 0.469231
-0.087690 -0.945948 2.730755 0.312981
-0.437449 -0.978849 2.625479 0.000000
-0.183183 -0.968958 2.535998 0.000000
-0.210712 0.674368 2.632920 1.000000
-0.358596 0.348295 2.750931 1.000000
0.030081 0.391371 2.593525 1.000000
-0.211784 0.448840 2.573210 0.000000
-0.122508 0.242496 2.737188 0.000000
-0.299187 0.100575 2.688465 0.000000
0.016149 0.080669 2.549931 1.000000
-0.091010 0.064976 2.737852 0.000000
-0.421378 0.059120 2.723690 1.000000
0.224999 0.486262 2.390279 1.000000
-0.451486 -0.259873 2.676647 1.000000
0.389130 0.700758 2.211594 1.000000
-0.449381 -0.329186 2.632052 0.661058
0.449845 0.756531 2.210868 1.000000
-0.332614 -0.479256 2.679435 1.000000
-0.081746 -0.492655 2.671656 1.000000
-0.176689 -0.905302 2.742177 1.000000
-0.092021 -0.947475 2.724548 1.000000
-0.329605 -0.981256 2.606434 0.000000
-0.180239 -0.968551 2.526175 0.000000
-0.208287 0.673954 2.611467 1.000000
-0.357857 0.343005 2.740448 1.000000
0.039962 0.386844 2.602241 1.000000
-0.202952 0.439629 2.567485 0.000000
-0.119953 0.240467 2.743218 0.000000
-0.301846 0.079855 2.685122 0.211538
0.020412 0.056350 2.564197 1.000000
-0.096667 0.045447 2.746454 0.000000
-0.420314 0.052615 2.718197 1.000000
0.245259 0.449410 2.395696 1.000000
-0.456343 -0.264298 2.657886 1.000000
0.425854 0.641859 2.206703 1.000000
-0.432699 -0.339172 2.632742 0.560096
0.484030 0.700197 2.209804 1.000000
-0.306195 -0.506655 2.688815 1.000000
-0.065539 -0.516410 2.680114 1.000000
0.010806 -0.810755 2.559210 1.000000
-0.071298 -0.969336 2.747856 0.306731
-0.130564 -0.973104 2.594365 0.000000
-0.149072 -0.998513 2.546167 0.000000
-0.207985 0.677758 2.622020 1.000000