-0.395423 0.194547 2.773397 1.000000
-0.013126 0.213926 2.836779 1.000000
-0.189509 0.274683 2.694494 0.062500
-0.218105 0.053081 2.934725 0.000000
-0.324440 -0.170673 2.774261 0.000000
-0.042818 -0.167217 2.819392 0.115385
-0.215538 -0.187851 2.997382 0.000000
-0.417948 -0.076443 2.742551 1.000000
0.100855 -0.008724 2.725733 1.000000
-0.347744 -0.362919 2.696483 1.000000
0.294693 -0.208980 2.618750 1.000000
-0.310348 -0.426918 2.687087 1.000000
0.336947 -0.270459 2.614551 0.661058
-0.035736 -0.637713 2.747490 1.000000
-0.313187 -0.646070 2.765733 1.000000
-0.100216 -1.042256 2.825438 0.950481
-0.293921 -1.053081 2.854390 1.000000
0.053165 -1.082876 2.741507 0.000000
-0.431486 -1.083802 2.743250 0.000000
-0.192596 0.523127 2.673496 0.528846
-0.397233 0.208597 2.768164 1.000000
-0.010567 0.233704 2.788246 1.000000
-0.200509 0.267652 2.654763 0.000000
-0.204212 0.099414 2.936398 0.000000
-0.316414 -0.161172 2.786292 0.000000
-0.031699 -0.167401 2.802345 0.634615
-0.185816 -0.178333 2.997451 0.000000
-0.409770 -0.064766 2.748595 1.000000
0.138650 0.027823 2.685213 1.000000
-0.352676 -0.354405 2.699477 1.000000
0.378819 -0.096161 2.556719 1.000000
-0.323546 -0.422910 2.693065 1.000000
0.443532 -0.133197 2.551899 1.000000
-0.042525 -0.636594 2.745053 1.000000
-0.316515 -0.638739 2.768535 1.000000
-0.101856 -1.041153 2.826910 0.866106
-0.293581 -1.045960 2.855333 1.000000
0.044719 -1.081923 2.731654 0.000000
-0.436684 -1.076199 2.751278 0.000000
-0.185388 0.545785 2.675616 0.509615
-0.383966 0.221437 2.774306 1.000000
0.003184 0.238446 2.755094 1.000000
-0.198034 0.258701 2.636145 0.000000
-0.177473 0.131459 2.937845 0.000000
-0.309220 -0.150650 2.795709 0.000000
-0.024343 -0.161217 2.786063 0.750000
-0.160045 -0.160344 2.994684 0.000000
-0.403077 -0.050966 2.751013 1.000000
0.181544 0.068888 2.634472 1.000000
-0.356637 -0.342314 2.702680 1.000000
0.434530 -0.025430 2.506098 1.000000
-0.331400 -0.412333 2.696109 1.000000
0.503153 -0.050145 2.489887 1.000000
-0.052370 -0.633634 2.743833 1.000000
-0.315553 -0.627753 2.768673 1.000000
-0.096974 -1.039962 2.826280 0.919231
-0.295505 -1.035022 2.855958 1.000000
0.035544 -1.077842 2.711283 0.000000
-0.439581 -1.064191 2.752946 0.000000
-0.183493 0.548235 2.687891 0.442308
-0.375128 0.220896 2.773795 1.000000
0.011137 0.239561 2.742245 1.000000
-0.193707 0.254132 2.628779 0.000000
-0.163163 0.138346 2.934224 0.000000
-0.313049 -0.152195 2.803388 0.000000
-0.028979 -0.160158 2.778893 0.480769
-0.153498 -0.156414 2.994343 0.000000
-0.410706 -0.050225 2.762344 1.000000
0.185955 0.110720 2.575684 1.000000
-0.353397 -0.335907 2.697299 1.000000
0.439264 0.049237 2.430133 1.000000
-0.328845 -0.406425 2.699943 1.000000
0.512530 0.038198 2.420498 1.000000
-0.053555 -0.632220 2.741555 1.000000
-0.319889 -0.626458 2.772894 1.000000
-0.097381 -1.037499 2.829402 0.919231
-0.287326 -1.032823 2.860620 1.000000
0.029855 -1.077311 2.709209 0.000000
-0.435737 -1.065351 2.765035 0.000000
-0.205157 0.546469 2.671544 0.495192
-0.352568 0.209248 2.841207 1.000000
0.017404 0.249857 2.731590 0.461538
-0.207324 0.270069 2.667273 0.000000
-0.109636 0.115757 2.939819 0.000000
-0.302215 -0.153288 2.829816 0.000000
-0.027826 -0.159657 2.752167 0.817308
-0.109481 -0.156349 2.987241 0.000000
-0.410833 -0.048838 2.770602 1.000000
0.121973 0.164821 2.493215 1.000000
-0.346720 -0.331255 2.697384 1.000000
0.317411 0.151174 2.267718 1.000000
-0.341657 -0.400654 2.724602 0.711538
0.380018 0.146005 2.227268 1.000000
-0.050334 -0.633032 2.734547 1.000000
-0.320412 -0.622344 2.776649 1.000000
-0.096477 -1.036534 2.829128 0.941106
-0.283347 -1.029923 2.856616 1.000000
0.016503 -1.080484 2.696748 0.000000
-0.442796 -1.059519 2.779673 0.000000
-0.180294 0.537658 2.680581 0.644231
-0.350873 0.218045 2.834323 1.000000
0.019794 0.226350 2.719949 0.000000
-0.204052 0.251936 2.654482 0.000000
-0.112538 0.122354 2.941657 0.000000
-0.300505 -0.154804 2.829405 0.000000
-0.025697 -0.163534 2.753486 0.721154
-0.108793 -0.159242 2.988039 0.000000
-0.403687 -0.040384 2.778087 1.000000
0.040021 0.190658 2.453389 0.730769
-0.344065 -0.319213 2.705616 1.000000
0.147133 0.197761 2.179474 1.000000
-0.333795 -0.393120 2.709475 1.000000
0.193594 0.214995 2.123554 0.879808
-0.043282 -0.632720 2.736581 1.000000
-0.315486 -0.628037 2.781271 1.000000
-0.094569 -1.035914 2.829822 0.997356
-0.275948 -1.035766 2.859259 1.000000
0.024962 -1.080333 2.703491 0.000000
-0.434768 -1.066079 2.781301 0.000000
-0.190395 0.537851 2.676956 0.682692
-0.305583 0.256855 2.876380 0.000000
0.013293 0.189821 2.667890 1.000000
-0.210809 0.255689 2.661754 0.000000
-0.067587 0.120657 2.924223 0.000000
-0.272759 -0.177380 2.874407 0.000000
-0.038475 -0.178093 2.711711 1.000000
-0.039281 -0.176898 2.960581 0.000000
-0.404333 0.021262 2.801142 0.969231
-0.019040 0.186633 2.403577 0.307692
-0.367193 -0.253700 2.715107 1.000000
-0.138483 0.235505 2.143325 1.000000
-0.354922 -0.324014 2.693016 0.000000
-0.158435 0.265326 2.077787 0.930288
-0.038464 -0.657334 2.736178 1.000000
-0.307165 -0.644928 2.794229 1.000000
-0.095840 -1.058662 2.833814 0.862981
-0.276186 -1.056190 2.855813 1.000000
-0.005010 -1.107398 2.686862 0.000000
-0.448139 -1.076246 2.808376 0.000000
-0.187809 0.548665 2.660035 0.855769
-0.327365 0.253425 2.868921 0.000000
0.004820 0.221839 2.674642 1.000000
-0.223937 0.263480 2.658566 0.000000
-0.078482 0.143051 2.926849 0.000000
-0.281835 -0.157644 2.858237 0.000000
-0.038646 -0.154159 2.709220 0.682692
-0.053934 -0.145253 2.957464 0.000000
-0.401874 0.007139 2.795835 1.000000
-0.091357 0.195108 2.426479 0.753846
-0.362303 -0.268106 2.707446 1.000000
-0.271607 0.245596 2.202648 1.000000
-0.350126 -0.341618 2.712951 0.341346
-0.327683 0.262036 2.156088 1.000000
-0.033654 -0.631738 2.727819 1.000000
-0.302691 -0.623835 2.785521 1.000000
-0.090753 -1.031731 2.830940 0.994231
-0.271289 -1.034413 2.851311 1.000000
0.003933 -1.082334 2.687086 0.000000
-0.440101 -1.056442 2.794412 0.000000
-0.187133 0.542719 2.696044 0.673077
-0.353593 0.222118 2.856480 0.000000
-0.002016 0.244531 2.695586 1.000000
-0.232582 0.262166 2.659502 0.000000
-0.100088 0.134823 2.931283 0.000000
-0.285930 -0.158259 2.849358 0.000000
-0.026027 -0.156484 2.731858 0.740385
-0.072252 -0.142910 2.976024 0.000000
-0.399629 -0.034375 2.791258 1.000000
-0.114389 0.204181 2.454949 1.000000
-0.336741 -0.306651 2.703062 1.000000
-0.342344 0.244615 2.275312 1.000000
-0.340806 -0.381241 2.704626 0.509615
-0.408655 0.255212 2.242551 1.000000
-0.035529 -0.631941 2.729677 1.000000
-0.301204 -0.623104 2.783800 1.000000
-0.091573 -1.032523 2.831080 0.997356
-0.272191 -1.033583 2.851285 1.000000
0.005991 -1.082182 2.688829 0.000000
-0.434869 -1.056948 2.779104 0.000000
-0.204468 0.540966 2.698549 0.490385
-0.370039 0.223503 2.823875 0.000000
-0.009316 0.258031 2.689627 1.000000
-0.235852 0.254067 2.633855 0.000000
-0.118283 0.163889 2.926569 0.000000
-0.289816 -0.147073 2.831311 0.000000
-0.019310 -0.152225 2.740982 0.567308
-0.089934 -0.129490 2.978539 0.000000
-0.390283 -0.044593 2.778740 1.000000
-0.124715 0.212746 2.446821 1.000000
-0.340163 -0.329452 2.709590 1.000000
-0.375190 0.255524 2.292319 1.000000
-0.326855 -0.402932 2.712078 1.000000
-0.447948 0.263311 2.277211 1.000000
-0.041767 -0.624155 2.729413 1.000000
-0.297573 -0.618179 2.782875 1.000000
-0.091942 -1.025951 2.829068 0.978606
-0.276765 -1.028665 2.853286 1.000000
0.007302 -1.073515 2.687264 0.000000
-0.430986 -1.051732 2.764380 0.000000
-0.180583 0.542103 2.700464 0.533654
-0.344455 0.265266 2.837555 0.000000
-0.000358 0.261388 2.664275 1.000000
-0.230348 0.271646 2.632648 0.000000
-0.087794 0.193042 2.917491 0.000000
-0.282027 -0.124780 2.839205 0.000000
-0.024821 -0.139552 2.716785 0.586538
-0.065266 -0.113526 2.960967 0.000000
-0.396694 0.002307 2.785947 1.000000
-0.111196 0.217227 2.418706 1.000000
-0.357985 -0.281235 2.703470 1.000000
-0.339701 0.275666 2.236862 1.000000
-0.342792 -0.354040 2.710626 0.375000
-0.408741 0.282473 2.209116 1.000000
-0.046328 -0.607204 2.724149 1.000000
-0.300524 -0.602439 2.777647 1.000000
-0.088418 -1.008711 2.828598 0.962981
-0.280948 -1.011950 2.853848 1.000000
0.002911 -1.056513 2.681649 0.000000
-0.437620 -1.035157 2.769377 0.000000
-0.183757 0.566308 2.693083 0.288462
-0.339116 0.271030 2.844641 0.000000
-0.025834 0.240799 2.630778 1.000000
-0.254025 0.251556 2.626861 0.000000
-0.074242 0.203369 2.897032 0.000000
-0.279648 -0.117940 2.847190 0.000000
-0.037912 -0.129595 2.696236 1.000000
-0.050549 -0.105737 2.943641 0.000000
-0.404815 0.013636 2.788494 1.000000
-0.080352 0.226982 2.365150 0.861538
-0.371275 -0.269264 2.707466 1.000000
-0.259210 0.302225 2.141385 1.000000
-0.372650 -0.340080 2.731252 0.307692
-0.326185 0.313845 2.110369 0.963942
-0.051952 -0.600039 2.713426 1.000000
-0.305503 -0.593104 2.779570 1.000000
-0.085933 -0.997359 2.835372 1.000000
-0.288724 -1.003286 2.852770 1.000000
-0.007264 -1.050811 2.683141 0.000000
-0.452598 -1.022599 2.782110 0.000000
-0.153397 0.501692 2.711473 0.966346
-0.274833 0.220476 2.899488 1.000000
-0.011645 0.194219 2.616713 0.000000
-0.235346 0.238583 2.668922 0.000000
-0.022077 0.105556 2.879770 0.389423
-0.273491 -0.169985 2.890086 0.000000
-0.083526 -0.156910 2.677714 0.461538
-0.026854 -0.155468 2.920045 0.461538
-0.402167 0.005357 2.791270 0.723077
0.000996 0.216582 2.345528 0.153846
-0.375709 -0.278206 2.706498 1.000000
-0.008527 0.297408 2.059747 0.826923
-0.366202 -0.352272 2.709028 0.375000
-0.010987 0.318062 1.987984 0.000000
-0.049507 -0.642518 2.715536 1.000000
-0.321006 -0.630134 2.791904 1.000000
-0.094293 -1.037077 2.842841 0.884856
-0.286172 -1.041323 2.851897 1.000000
-0.027887 -1.095064 2.686482 0.000000
-0.463185 -1.059733 2.828490 0.000000
-0.172317 0.526137 2.684687 0.860577
-0.222978 0.151264 2.934979 1.000000
0.009178 0.196923 2.627468 1.000000
-0.197387 0.251526 2.724407 0.000000
-0.000167 0.015338 2.838230 0.000000
-0.262952 -0.176209 2.889009 1.000000
-0.096479 -0.172466 2.657423 0.557692
-0.014163 -0.170601 2.892282 0.596154
-0.391036 -0.012074 2.798505 0.261538
0.062055 0.210378 2.361816 0.615385
-0.377537 -0.292188 2.704318 1.000000
0.158718 0.300768 2.097235 1.000000
-0.343796 -0.358852 2.704416 0.576923
0.183922 0.325660 2.031449 0.000000
-0.053702 -0.657686 2.719766 1.000000
-0.325200 -0.643013 2.798428 1.000000
-0.098888 -1.051081 2.850485 0.797356
-0.278675 -1.053564 2.854749 1.000000
-0.041646 -1.110613 2.691113 0.000000
-0.456793 -1.074697 2.847839 0.000000
-0.179554 0.509466 2.659145 1.000000
-0.227358 0.112615 2.946282 1.000000
-0.007484 0.217603 2.644327 0.990385
-0.213949 0.244262 2.752538 0.000000
0.000109 0.006674 2.825799 0.000000
-0.242325 -0.169418 2.885652 0.346154
-0.093039 -0.176370 2.642702 0.769231
0.005810 -0.181811 2.871038 0.048077
-0.406201 -0.026316 2.799503 0.507692
0.101427 0.212068 2.397470 1.000000
-0.384207 -0.289644 2.669742 1.000000
0.269397 0.273585 2.163664 1.000000
-0.377976 -0.363717 2.662191 0.072115
0.336865 0.260712 2.134254 0.812500
-0.065325 -0.664589 2.720452 1.000000
-0.329877 -0.637768 2.804144 1.000000
-0.102828 -1.059154 2.850072 0.869231
-0.279227 -1.049332 2.848176 1.000000
-0.070146 -1.117036 2.683334 0.000000
-0.457143 -1.069958 2.860038 0.000000
-0.174596 0.492128 2.657701 1.000000
-0.242412 0.103909 2.938497 1.000000
-0.021463 0.220341 2.641564 0.721154
-0.231307 0.236509 2.745257 0.000000
-0.007408 0.009622 2.822896 0.000000
-0.242839 -0.169529 2.875677 0.000000
-0.089558 -0.177135 2.635248 0.750000
0.004272 -0.197058 2.864894 0.028846
-0.429360 -0.036396 2.803605 0.723077
0.123556 0.214340 2.416125 1.000000
-0.382121 -0.290824 2.663255 1.000000
0.327826 0.254762 2.210741 1.000000
-0.356355 -0.343171 2.709931 0.812500
0.399600 0.256514 2.190050 0.862981
-0.065421 -0.667947 2.725303 1.000000
-0.333584 -0.636541 2.804199 1.000000
-0.099852 -1.063184 2.853719 0.897356
-0.277976 -1.047134 2.851209 1.000000
-0.074059 -1.120104 2.685448 0.000000
-0.454392 -1.068088 2.876873 0.000000
-0.180193 0.490722 2.656007 1.000000
-0.238749 0.085608 2.946715 1.000000
-0.037573 0.219809 2.643298 0.865385
-0.242136 0.225078 2.758077 0.000000
-0.007114 0.003601 2.815945 0.000000
-0.235494 -0.184871 2.878915 0.000000
-0.096861 -0.190382 2.629696 0.807692
0.010614 -0.211444 2.853177 0.067308
-0.416094 -0.049675 2.795892 0.400000
0.098317 0.213553 2.413440 1.000000
-0.378128 -0.303239 2.652596 1.000000
0.285073 0.262707 2.195275 1.000000
-0.371550 -0.375066 2.672095 0.000000
0.350274 0.252792 2.160159 1.000000
-0.063199 -0.684376 2.730349 1.000000
-0.332481 -0.649380 2.810993 1.000000
-0.099864 -1.081524 2.852078 0.669231
-0.278944 -1.061536 2.844901 1.000000
-0.098142 -1.134270 2.680511 0.000000
-0.453187 -1.081004 2.883383 0.000000
-0.196221 0.482744 2.671921 1.000000
-0.241529 0.096453 2.953858 1.000000
-0.039548 0.218943 2.646054 0.740385
-0.244173 0.229154 2.760387 0.000000
-0.010149 0.008870 2.826292 0.000000
-0.236584 -0.184764 2.883514 0.057692
-0.093904 -0.176579 2.636664 0.798077
0.010222 -0.207156 2.860631 0.081731
-0.405665 -0.049617 2.798220 1.000000
0.051856 0.210358 2.396218 0.815385
-0.360138 -0.309792 2.669745 1.000000
0.178546 0.279667 2.144328 1.000000
-0.353798 -0.374627 2.706336 0.795673
0.240519 0.275762 2.102774 1.000000
-0.055426 -0.678465 2.731697 1.000000
-0.325929 -0.642800 2.807514 1.000000
-0.101788 -1.076895 2.845686 0.647356
-0.279244 -1.055739 2.842022 1.000000
-0.108645 -1.125494 2.673026 0.000000
-0.452859 -1.071802 2.884686 0.000000
-0.201741 0.487453 2.675658 1.000000
-0.264693 0.163680 2.952576 0.000000
-0.030875 0.233882 2.651005 0.000000
-0.246269 0.261133 2.739946 0.000000
-0.021783 0.058260 2.866771 0.000000
-0.259301 -0.178901 2.870102 0.346154
-0.087582 -0.163997 2.642837 0.798077
-0.010717 -0.187617 2.878362 0.682692
-0.377317 -0.030199 2.806513 0.169231
0.009834 0.201884 2.391166 0.169231
-0.316579 -0.282038 2.671994 1.000000
-0.048314 0.280506 2.119197 1.000000
-0.301604 -0.355016 2.677711 0.644231
-0.064525 0.301659 2.049395 0.000000
-0.045872 -0.663712 2.726832 1.000000
-0.318672 -0.637098 2.796131 1.000000
-0.096992 -1.060665 2.843896 0.809856
-0.272667 -1.048963 2.842391 1.000000
-0.059939 -1.114719 2.676787 0.000000
-0.449442 -1.065761 2.868634 0.000000
-0.201216 0.519505 2.654352 1.000000
-0.304109 0.226968 2.911425 0.000000
-0.033012 0.260091 2.635829 0.836538
-0.261083 0.280320 2.687037 0.000000
-0.042994 0.134504 2.884041 0.461538
-0.274749 -0.165161 2.867917 0.000000
-0.076742 -0.137102 2.664533 0.673077
-0.029460 -0.153395 2.908330 0.677885
-0.404233 0.005143 2.802543 0.446154
-0.067277 0.210766 2.378514 0.661539
-0.347487 -0.262206 2.703081 1.000000
-0.199171 0.277376 2.131035 1.000000
-0.327827 -0.333447 2.692089 0.206731
-0.217667 0.316710 2.070262 0.879808
-0.041564 -0.639977 2.719448 1.000000
-0.305248 -0.618935 2.787337 1.000000
-0.096164 -1.035075 2.841126 0.869231
-0.270169 -1.030622 2.843661 1.000000
-0.034830 -1.092412 2.682473 0.000000
-0.449019 -1.045884 2.843495 0.000000
-0.201517 0.560351 2.678810 0.625000
-0.338356 0.267910 2.867208 0.000000
-0.028414 0.240519 2.642804 1.000000
-0.258059 0.265388 2.646768 0.000000
-0.077340 0.179697 2.906833 0.000000
-0.286752 -0.135663 2.850755 0.000000
-0.061768 -0.126382 2.675667 1.000000
-0.049009 -0.130623 2.924178 0.000000
-0.410155 0.021724 2.797524 0.984615
-0.112582 0.209982 2.394893 1.000000
-0.386035 -0.253112 2.708561 1.000000
-0.315425 0.275919 2.202073 1.000000
-0.391038 -0.322559 2.681455 0.055288
-0.376477 0.298147 2.165177 1.000000
-0.038876 -0.609152 2.712909 1.000000
-0.305389 -0.604997 2.777085 1.000000
-0.090433 -1.004268 2.835849 0.994231
-0.270709 -1.014827 2.845825 1.000000
0.002346 -1.060829 2.692974 0.000000
-0.445312 -1.035651 2.809766 0.000000
-0.187727 0.544699 2.722255 0.336538
-0.364143 0.235127 2.836126 0.000000
-0.010748 0.262893 2.678643 1.000000
-0.241676 0.261238 2.637713 0.000000
-0.107277 0.173396 2.923819 0.000000
-0.299002 -0.145686 2.819423 0.000000
-0.032760 -0.136477 2.717494 0.663462
-0.093453 -0.128965 2.958736 0.000000
-0.402802 -0.023829 2.789053 1.000000
-0.118155 0.203466 2.444608 1.000000
-0.348021 -0.296766 2.707108 1.000000
-0.358020 0.255474 2.293396 1.000000
-0.334455 -0.370172 2.703919 1.000000
-0.429874 0.268568 2.277645 1.000000
-0.041121 -0.619559 2.718317 1.000000
-0.297952 -0.611681 2.776324 1.000000
-0.090131 -1.018061 2.830935 0.966106
-0.276700 -1.022077 2.847121 1.000000
0.009377 -1.069896 2.690823 0.000000
-0.440350 -1.042763 2.776332 0.000000
-0.182008 0.556565 2.699643 0.500000
-0.369031 0.237276 2.826411 0.000000
-0.011711 0.258129 2.679542 1.000000
-0.240411 0.259640 2.631463 0.000000
-0.115829 0.172494 2.922188 0.000000
-0.294712 -0.136875 2.825918 0.000000
-0.028113 -0.141156 2.724597 0.596154
-0.088959 -0.122694 2.965211 0.000000
-0.401538 -0.024383 2.782864 1.000000
-0.114017 0.202311 2.440717 1.000000
-0.351836 -0.301579 2.707534 1.000000
-0.359896 0.254215 2.296211 1.000000
-0.337209 -0.374676 2.702492 1.000000
-0.433645 0.265418 2.291929 1.000000
-0.050278 -0.616150 2.720415 1.000000
-0.300490 -0.610368 2.775865 1.000000
-0.087601 -1.016316 2.831606 0.972356
-0.279655 -1.020079 2.850642 1.000000
0.005623 -1.065393 2.686275 0.000000
-0.436241 -1.043479 2.766065 0.000000
-0.180941 0.552884 2.702669 0.509615
-0.359625 0.253115 2.828039 0.000000
-0.005142 0.242612 2.674700 1.000000
-0.233626 0.257808 2.630176 0.000000
-0.109624 0.175276 2.922491 0.000000
-0.294804 -0.138262 2.829921 0.000000
-0.030065 -0.148088 2.724203 0.730769
-0.086517 -0.124339 2.965424 0.000000
-0.403564 -0.005770 2.783714 1.000000
-0.087071 0.193681 2.427532 0.923077
-0.361878 -0.284440 2.713070 1.000000
-0.310411 0.255424 2.254796 1.000000
-0.350165 -0.358130 2.709165 1.000000
-0.378780 0.269846 2.228331 1.000000
-0.049951 -0.616662 2.720648 1.000000
-0.308142 -0.612263 2.773917 1.000000
-0.087583 -1.017610 2.828877 0.884856
-0.282160 -1.021424 2.850084 1.000000
0.007960 -1.065506 2.684663 0.000000
-0.437962 -1.047202 2.764751 0.000000
-0.183384 0.547642 2.716927 0.413462
-0.333744 0.273203 2.832098 0.000000
0.015974 0.200791 2.684835 0.557692
-0.206138 0.252769 2.636275 0.000000
-0.101432 0.156924 2.932056 0.000000
-0.297222 -0.150415 2.845705 0.000000
-0.039964 -0.158704 2.722787 0.884615
-0.080504 -0.140545 2.967664 0.000000
-0.414330 0.024015 2.791254 1.000000
-0.003528 0.174990 2.422923 0.500000
-0.376810 -0.250267 2.707813 1.000000
-0.140550 0.241340 2.178599 1.000000
-0.369459 -0.324619 2.707163 0.610577
-0.177731 0.271056 2.121004 1.000000
-0.056446 -0.629095 2.724073 1.000000
-0.317749 -0.622210 2.775367 1.000000
-0.089258 -1.029951 2.834195 0.819231
-0.285469 -1.030220 2.855209 1.000000
0.001479 -1.077841 2.686907 0.000000
-0.444968 -1.058007 2.777695 0.000000
-0.187027 0.549251 2.701394 0.485577