-0.377685 0.347757 2.822146 1.000000
0.014831 0.375472 2.664224 1.000000
-0.227670 0.438186 2.641685 0.038462
-0.144342 0.235544 2.813236 0.000000
-0.345489 0.063027 2.723720 0.000000
-0.029785 0.084620 2.586279 0.913462
-0.134713 0.047281 2.772397 0.000000
-0.416920 0.072650 2.734265 1.000000
0.026372 0.192536 2.437624 1.000000
-0.429663 -0.240566 2.683089 1.000000
-0.012020 0.055851 2.153496 1.000000
-0.400721 -0.309298 2.647937 0.762019
-0.035487 0.049679 2.074701 0.072115
-0.296095 -0.516903 2.697807 1.000000
-0.051231 -0.496518 2.691672 1.000000
-0.289790 -0.961967 2.805706 0.709856
-0.196269 -0.929688 2.724720 0.684856
-0.379730 -1.009990 2.612876 0.000000
-0.223143 -0.937194 2.508387 0.000000
-0.187290 0.665592 2.642256 1.000000
-0.376686 0.336220 2.824033 0.000000
0.001907 0.382602 2.638851 1.000000
-0.245834 0.424557 2.628272 0.048077
-0.135917 0.242041 2.807277 0.000000
-0.322981 0.060619 2.737952 0.000000
-0.012513 0.072757 2.587995 1.000000
-0.111329 0.033927 2.777128 0.000000
-0.413735 0.058615 2.749037 0.938462
-0.036376 0.220168 2.401762 1.000000
-0.412766 -0.249013 2.676935 1.000000
-0.217875 0.138082 2.156497 1.000000
-0.401071 -0.330423 2.682681 0.593750
-0.262125 0.153709 2.088711 0.846154
-0.291840 -0.520473 2.697893 1.000000
-0.051523 -0.506812 2.690111 1.000000
-0.284550 -0.965923 2.804123 0.681731
-0.189477 -0.940578 2.740908 0.534856
-0.384087 -1.012487 2.615701 0.000000
-0.239502 -0.949509 2.528785 0.000000
-0.186007 0.675712 2.631094 0.879808
-0.380950 0.294743 2.848826 0.000000
-0.023262 0.390521 2.642278 1.000000
-0.274085 0.406816 2.650666 0.000000
-0.133754 0.227347 2.810462 0.000000
-0.317571 0.041475 2.743966 0.000000
-0.021260 0.064561 2.568775 1.000000
-0.102306 0.027445 2.766507 0.000000
-0.411032 0.026087 2.745649 0.892308
-0.075674 0.219116 2.415122 1.000000
-0.412839 -0.282789 2.682175 1.000000
-0.316830 0.151413 2.223558 1.000000
-0.412096 -0.360398 2.654359 0.105769
-0.372009 0.180468 2.169628 0.846154
-0.300145 -0.535636 2.704085 1.000000
-0.055594 -0.517726 2.695671 1.000000
-0.290551 -0.981083 2.810145 0.597356
-0.249463 -0.929886 2.743657 0.491106
-0.408321 -1.026006 2.632127 0.000000
-0.273563 -0.943738 2.527311 0.000000
-0.192773 0.651169 2.617757 1.000000
-0.376996 0.277407 2.852844 0.000000
-0.034637 0.394132 2.631617 1.000000
-0.285174 0.399227 2.652903 0.000000
-0.129439 0.221908 2.800353 0.000000
-0.308088 0.029627 2.743024 0.000000
-0.021905 0.061140 2.552942 1.000000
-0.091681 0.020289 2.754204 0.000000
-0.412729 0.009958 2.749796 0.753846
-0.118508 0.218700 2.418043 1.000000
-0.415021 -0.301066 2.701452 1.000000
-0.399615 0.168947 2.285446 1.000000
-0.435742 -0.372330 2.665542 0.038462
-0.475915 0.191581 2.263921 1.000000
-0.304001 -0.540977 2.715374 1.000000
-0.046047 -0.521027 2.690339 1.000000
-0.272501 -0.989280 2.803668 0.681731
-0.229251 -0.932897 2.771356 0.706731
-0.404862 -1.031690 2.635560 0.000000
-0.273020 -0.955231 2.558838 0.000000
-0.190840 0.642183 2.609359 1.000000
-0.350306 0.279658 2.868004 0.548077
-0.032225 0.396319 2.613072 1.000000
-0.279342 0.401103 2.659525 0.000000
-0.109216 0.224387 2.790925 0.000000
-0.298567 0.029000 2.750950 0.000000
-0.033013 0.058997 2.532761 1.000000
-0.082086 0.020572 2.740509 0.000000
-0.406738 0.019504 2.757722 0.584615
-0.158431 0.214026 2.429039 1.000000
-0.413004 -0.291474 2.714598 1.000000
-0.464434 0.175682 2.369899 1.000000
-0.414046 -0.373757 2.709518 0.000000
-0.539898 0.205384 2.384745 0.846154
-0.303644 -0.541731 2.721116 1.000000
-0.061327 -0.523208 2.684875 1.000000
-0.307896 -0.997435 2.766718 0.953606
-0.082118 -0.971901 2.774354 0.425481
-0.453184 -1.012292 2.604703 0.000000
-0.220437 -0.998698 2.607836 0.000000
-0.188583 0.650854 2.619967 1.000000
-0.336555 0.282297 2.874790 0.240385
-0.027147 0.394703 2.607568 1.000000
-0.272839 0.398633 2.661122 0.000000
-0.097309 0.227017 2.792172 0.000000
-0.291774 0.034222 2.753000 0.000000
-0.032868 0.056753 2.526098 1.000000
-0.076028 0.020373 2.735520 0.000000
-0.410014 0.020486 2.780698 0.415385
-0.170902 0.214990 2.434849 1.000000
-0.413201 -0.288518 2.727447 1.000000
-0.480765 0.174323 2.409137 1.000000
-0.438124 -0.365229 2.710371 0.156250
-0.552719 0.202484 2.437894 0.812500
-0.303516 -0.538880 2.719001 1.000000
-0.059158 -0.522600 2.681546 1.000000
-0.279530 -0.992803 2.775062 0.572356
-0.139944 -0.962444 2.780417 0.428606
-0.433713 -1.019713 2.623134 0.000000
-0.271771 -0.977155 2.607259 0.000000
-0.187897 0.652618 2.622616 1.000000
-0.329467 0.286088 2.878487 0.365385
-0.026406 0.395497 2.602878 1.000000
-0.270570 0.401347 2.662861 0.000000
-0.092877 0.228852 2.789777 0.000000
-0.292301 0.033359 2.754987 0.000000
-0.039433 0.059613 2.521763 1.000000
-0.076740 0.024736 2.732560 0.000000
-0.411386 0.024270 2.792901 0.369231
-0.177023 0.221084 2.431183 1.000000
-0.410222 -0.281787 2.726506 1.000000
-0.486750 0.175803 2.421239 1.000000
-0.418531 -0.362143 2.710032 0.240385
-0.561528 0.207905 2.434476 0.711538
-0.305605 -0.539008 2.718097 1.000000
-0.058794 -0.521601 2.678599 1.000000
-0.225701 -0.987561 2.764778 0.412981
-0.109766 -0.966734 2.773588 0.809856
-0.392778 -1.031193 2.631510 0.000000
-0.252704 -0.985302 2.609874 0.000000
-0.185538 0.651932 2.613845 1.000000
-0.321947 0.287200 2.881192 0.038462
-0.019971 0.390572 2.602085 1.000000
-0.262656 0.404220 2.666625 0.000000
-0.089229 0.223020 2.787152 0.000000
-0.291798 0.030581 2.757945 0.000000
-0.042409 0.067372 2.522411 1.000000
-0.076329 0.028953 2.733165 0.000000
-0.411877 0.028693 2.795201 0.353846
-0.165150 0.220623 2.422229 1.000000
-0.408581 -0.277437 2.731750 1.000000
-0.467563 0.175725 2.356787 1.000000
-0.421538 -0.351169 2.697209 0.324519
-0.541256 0.203256 2.381461 0.846154
-0.306741 -0.538038 2.715746 1.000000
-0.064428 -0.518108 2.677688 1.000000
-0.225102 -0.983318 2.785211 0.906731
-0.079821 -0.968953 2.756844 0.681731
-0.392929 -1.034315 2.655550 0.000000
-0.236596 -0.989970 2.606650 0.000000
-0.179023 0.649109 2.618936 1.000000
-0.324038 0.286638 2.885013 0.307692
-0.021416 0.394274 2.608227 1.000000
-0.263815 0.408863 2.673631 0.009615
-0.092230 0.222466 2.788746 0.000000
-0.290079 0.032314 2.759070 0.000000
-0.040695 0.065989 2.523065 1.000000
-0.074742 0.026901 2.733675 0.000000
-0.413206 0.029080 2.796361 0.400000
-0.143914 0.225489 2.411625 1.000000
-0.413989 -0.277064 2.734431 1.000000
-0.436285 0.177844 2.312584 1.000000
-0.408922 -0.352270 2.701028 0.189904
-0.515307 0.199832 2.304248 1.000000
-0.307015 -0.537335 2.713987 1.000000
-0.058268 -0.517239 2.678321 1.000000
-0.177486 -0.971735 2.779433 0.587981
-0.100214 -0.968705 2.742993 0.256731
-0.350617 -1.040458 2.665937 0.000000
-0.250876 -0.977269 2.585494 0.000000
-0.183021 0.648751 2.620620 1.000000
-0.333731 0.291759 2.880818 0.384615
-0.020270 0.391818 2.613411 1.000000
-0.264149 0.412245 2.671320 0.000000
-0.100665 0.221975 2.791765 0.000000
-0.294025 0.041919 2.757721 0.000000
-0.036687 0.077129 2.530647 1.000000
-0.078383 0.029401 2.738077 0.000000
-0.410118 0.032796 2.785408 0.446154
-0.126122 0.233815 2.399331 1.000000
-0.410634 -0.272188 2.719293 1.000000
-0.397847 0.183959 2.254186 1.000000
-0.401352 -0.350631 2.742916 0.375000
-0.475017 0.197624 2.228583 1.000000
-0.324894 -0.523307 2.707054 1.000000
-0.061802 -0.503596 2.682345 1.000000
-0.125640 -0.930111 2.774672 1.000000
-0.068869 -0.960999 2.704630 0.709856
-0.301785 -1.029887 2.693455 0.000000
-0.217656 -0.966466 2.545222 0.000000
-0.183986 0.651859 2.625415 1.000000
-0.313208 0.312396 2.898138 0.000000
-0.009787 0.405677 2.617050 1.000000
-0.246134 0.443467 2.694252 0.000000
-0.094493 0.229309 2.786871 0.000000
-0.287968 0.046610 2.772572 0.000000
-0.049638 0.103558 2.529713 1.000000
-0.074211 0.041679 2.736137 0.000000
-0.411543 0.079103 2.765047 0.630769
-0.068451 0.249939 2.384430 1.000000
-0.426451 -0.224245 2.694938 1.000000
-0.280577 0.189202 2.164267 1.000000
-0.410260 -0.301129 2.719920 1.000000
-0.339378 0.198117 2.107167 1.000000
-0.302457 -0.515662 2.694247 1.000000
-0.052619 -0.478850 2.679866 1.000000
-0.254706 -0.912771 2.917380 1.000000
-0.043159 -0.934479 2.725438 0.528606
-0.401104 -1.005002 2.784566 0.000000
-0.208034 -0.952077 2.583716 0.000000
-0.182165 0.647573 2.611053 1.000000
-0.323589 0.309652 2.894843 0.000000
-0.014995 0.408177 2.621277 1.000000
-0.253885 0.441615 2.692420 0.000000
-0.100606 0.230532 2.789304 0.000000
-0.291835 0.054228 2.766728 0.000000
-0.042134 0.092400 2.531745 1.000000
-0.077167 0.039870 2.739248 0.000000
-0.412015 0.080569 2.748567 0.692308
-0.027022 0.260991 2.376559 0.923077
-0.422247 -0.222834 2.678810 1.000000
-0.188747 0.195671 2.118484 1.000000
-0.409684 -0.301605 2.699662 1.000000
-0.234517 0.199460 2.050014 1.000000
-0.293118 -0.516768 2.695907 1.000000
-0.053311 -0.485835 2.683585 1.000000
-0.341741 -0.906332 2.931787 0.581731
-0.069980 -0.940604 2.735273 0.434856
-0.470384 -0.985543 2.774449 0.000000
-0.218543 -0.953253 2.576064 0.000000
-0.180263 0.644496 2.603757 1.000000
-0.332901 0.311914 2.883708 0.000000
-0.017614 0.413940 2.619208 1.000000
-0.259102 0.443868 2.682737 0.000000
-0.105508 0.235859 2.785586 0.000000
-0.289126 0.059309 2.764362 0.000000
-0.033723 0.088884 2.534320 1.000000
-0.074230 0.040444 2.741821 0.000000
-0.418937 0.074991 2.749324 0.753846
0.018643 0.277799 2.370724 0.353846
-0.419438 -0.228256 2.679008 1.000000
-0.089582 0.190099 2.092336 1.000000
-0.408675 -0.309494 2.688057 1.000000
-0.122333 0.201116 2.017480 0.812500
-0.294680 -0.514244 2.692520 1.000000
-0.049175 -0.486938 2.687490 1.000000
-0.305366 -0.926950 2.890821 0.731731
-0.067450 -0.941532 2.740171 0.025481
-0.443408 -0.997177 2.737227 0.000000
-0.210154 -0.954849 2.575742 0.000000
-0.184779 0.644239 2.590362 1.000000
-0.345987 0.349309 2.813589 0.923077
0.022069 0.393785 2.607839 0.000000
-0.225139 0.439773 2.612442 0.000000
-0.108176 0.251806 2.781039 0.000000
-0.315491 0.074106 2.730848 0.000000
-0.013122 0.087932 2.565297 0.903846
-0.102156 0.046609 2.758712 0.000000
-0.412527 0.081851 2.732095 1.000000
0.027715 0.280123 2.343924 0.092308
-0.425219 -0.226647 2.679465 1.000000
0.062038 0.181586 2.048603 0.615385
-0.410264 -0.303458 2.653509 0.862981
0.057492 0.214271 1.973049 0.947115
-0.289831 -0.504924 2.695332 1.000000
-0.052266 -0.487902 2.688542 1.000000
-0.315079 -0.958136 2.756373 1.000000
-0.119026 -0.935844 2.756765 0.381731
-0.421284 -0.977743 2.566861 0.000000
-0.208208 -0.952761 2.558425 0.000000
-0.184071 0.660255 2.651098 0.302885
-0.350972 0.358366 2.786315 1.000000
0.050701 0.363476 2.650636 1.000000
-0.186358 0.439122 2.614185 0.000000
-0.123992 0.233555 2.791074 0.000000
-0.325573 0.075639 2.700848 0.000000
-0.001576 0.071788 2.582373 1.000000
-0.119914 0.043841 2.761981 0.000000
-0.403290 0.084047 2.709458 1.000000
0.078631 0.261192 2.381094 0.984615
-0.434059 -0.226973 2.665221 1.000000
0.167168 0.187669 2.087168 1.000000
-0.407607 -0.303205 2.648297 0.947115
0.181401 0.207378 2.008387 1.000000
-0.292745 -0.508384 2.698228 1.000000
-0.054537 -0.501217 2.695951 1.000000
-0.297741 -0.965900 2.718666 0.784856
-0.117486 -0.950244 2.760571 0.037981
-0.375000 -0.974162 2.514850 0.000000
-0.180517 -0.971306 2.552817 0.000000
-0.197543 0.661186 2.642253 0.437500