-0.378449 0.365284 2.638985 1.000000
0.038528 0.385161 2.713217 1.000000
-0.151792 0.437489 2.557372 0.000000
-0.181080 0.259752 2.769477 0.000000
-0.295742 0.086223 2.624557 0.423077
0.042323 0.049833 2.682974 1.000000
-0.150100 0.057781 2.782744 0.000000
-0.412524 0.081794 2.650619 1.000000
0.263557 0.209770 2.696977 1.000000
-0.438349 -0.219319 2.575446 1.000000
0.265206 0.427897 2.474705 1.000000
-0.400642 -0.292289 2.568314 0.879808
0.224720 0.449440 2.406191 0.778846
-0.269026 -0.509487 2.683067 1.000000
-0.028060 -0.528099 2.686796 1.000000
-0.367475 -0.953732 2.735212 1.000000
-0.341728 -0.737045 2.426570 0.950481
-0.332820 -0.986397 2.522349 0.000000
-0.258340 -0.930910 2.481718 0.000000
-0.193096 0.671554 2.558072 1.000000
-0.377964 0.360918 2.631637 1.000000
0.040326 0.398411 2.689984 1.000000
-0.156227 0.432209 2.536776 0.000000
-0.173548 0.272188 2.763779 0.000000
-0.284858 0.084300 2.621264 0.836538
0.056263 0.070170 2.670878 1.000000
-0.133218 0.077330 2.776185 0.000000
-0.409355 0.076785 2.655239 1.000000
0.297479 0.280981 2.641438 1.000000
-0.455472 -0.225852 2.592027 1.000000
0.250140 0.552838 2.494589 1.000000
-0.407348 -0.287192 2.565215 0.795673
0.214019 0.594477 2.433280 1.000000
-0.290349 -0.500351 2.668250 1.000000
-0.039816 -0.517691 2.683796 1.000000
-0.373725 -0.945349 2.737457 0.650481
-0.380854 -0.730542 2.464362 0.594231
-0.348171 -0.983305 2.524185 0.000000
-0.290229 -0.923473 2.510657 0.000000
-0.200447 0.668304 2.538259 1.000000
-0.388284 0.347040 2.639574 1.000000
0.032241 0.400818 2.633059 1.000000
-0.185546 0.417272 2.508376 0.000000
-0.163599 0.274464 2.746202 0.000000
-0.287490 0.083373 2.630232 1.000000
0.057310 0.071670 2.631383 1.000000
-0.115412 0.080950 2.762245 0.000000
-0.419697 0.063230 2.667238 1.000000
0.303815 0.328323 2.575675 1.000000
-0.457459 -0.242107 2.611681 1.000000
0.230788 0.619856 2.489545 1.000000
-0.409246 -0.302190 2.582305 0.728365
0.190149 0.684115 2.457659 1.000000
-0.286682 -0.500615 2.676890 1.000000
-0.035433 -0.515133 2.683153 1.000000
-0.309333 -0.949621 2.764320 1.000000
-0.403430 -0.737258 2.525030 0.384856
-0.321029 -0.990683 2.550414 0.000000
-0.306364 -0.928012 2.567095 0.000000
-0.228371 0.659448 2.524484 1.000000
-0.394971 0.351719 2.650737 1.000000
0.020857 0.403181 2.585812 1.000000
-0.212036 0.420625 2.492513 0.000000
-0.158045 0.278087 2.725332 0.000000
-0.308963 0.082359 2.652451 1.000000
0.032093 0.096884 2.602500 1.000000
-0.119773 0.098066 2.757353 0.000000
-0.430304 0.068409 2.683039 1.000000
0.284324 0.348469 2.485073 1.000000
-0.449437 -0.242728 2.653448 1.000000
0.201415 0.647558 2.443607 1.000000
-0.424445 -0.304003 2.604273 0.762019
0.170751 0.723467 2.453350 1.000000
-0.284699 -0.496460 2.683789 1.000000
-0.028074 -0.495948 2.677717 1.000000
-0.283142 -0.944716 2.777748 0.975481
-0.287581 -0.865100 2.599319 0.794231
-0.328203 -0.988650 2.568899 0.000000
-0.139034 -0.939511 2.457985 0.000000
-0.261717 0.648793 2.495812 1.000000
-0.394192 0.345000 2.685126 1.000000
-0.013525 0.386033 2.502959 1.000000
-0.263428 0.395047 2.476215 0.000000
-0.144285 0.278079 2.698837 0.000000
-0.298048 0.084583 2.673373 0.663462
0.017068 0.076028 2.533181 1.000000
-0.087222 0.100504 2.721777 0.000000
-0.421667 0.062676 2.737100 1.000000
0.185838 0.337951 2.300214 1.000000
-0.422270 -0.251296 2.723337 1.000000
0.149497 0.649989 2.309116 1.000000
-0.424184 -0.319443 2.676972 0.812500
0.147441 0.724950 2.343380 0.879808
-0.279448 -0.499566 2.699119 1.000000
-0.034472 -0.502686 2.684682 1.000000
-0.288106 -0.953716 2.757743 1.000000
-0.142086 -0.945914 2.643062 0.772356
-0.384383 -0.976967 2.563402 0.000000
-0.210208 -0.910208 2.438947 0.000000
-0.285203 0.651114 2.472880 1.000000
-0.375441 0.342793 2.704439 1.000000
-0.022061 0.381908 2.473422 0.711538
-0.272721 0.400350 2.482214 0.000000
-0.128839 0.267299 2.679780 0.000000
-0.310940 0.062144 2.690318 0.000000
-0.019358 0.068098 2.506009 1.000000
-0.097004 0.093773 2.706897 0.000000
-0.419719 0.067048 2.768209 1.000000
0.049673 0.262386 2.223160 1.000000
-0.393288 -0.244014 2.766687 1.000000
0.089643 0.559119 2.134772 1.000000
-0.414739 -0.322452 2.753094 0.661058
0.096979 0.639979 2.149100 1.000000
-0.280171 -0.517172 2.705840 1.000000
-0.030464 -0.508053 2.687949 1.000000
-0.286880 -0.971194 2.765698 0.966106
-0.132159 -0.953499 2.656318 1.000000
-0.409607 -0.992980 2.586695 0.000000
-0.231858 -0.917204 2.465736 0.000000
-0.306741 0.643670 2.469762 0.850962
-0.349157 0.327611 2.783480 0.615385
-0.108081 0.367357 2.436956 1.000000
-0.339033 0.373058 2.536336 0.000000
-0.123281 0.263661 2.673887 0.000000
-0.282563 0.058957 2.738056 0.000000
-0.076699 0.048880 2.461392 1.000000
-0.077005 0.087201 2.674875 0.187500
-0.406525 0.051830 2.833630 0.507692
-0.050954 0.187315 2.222056 1.000000
-0.365201 -0.257206 2.830474 1.000000
-0.159302 0.101330 1.942612 1.000000
-0.388540 -0.327869 2.865963 0.307692
-0.187466 0.077638 1.868836 0.000000
-0.282778 -0.521771 2.723143 1.000000
-0.026787 -0.511239 2.691850 1.000000
-0.291858 -0.978062 2.761611 0.687981
-0.148356 -0.952257 2.669763 0.628606
-0.472100 -0.984817 2.638950 0.000000
-0.320609 -0.898634 2.547157 0.000000
-0.300715 0.617809 2.431608 1.000000
-0.332746 0.329721 2.780033 1.000000
-0.111610 0.326402 2.418282 1.000000
-0.334721 0.357520 2.530091 0.000000
-0.119824 0.240405 2.662531 0.000000
-0.255280 0.033741 2.777791 0.000000
-0.077420 0.049151 2.482573 0.480769
-0.058629 0.076532 2.696912 0.677885
-0.407934 0.063341 2.852489 0.000000
-0.147392 0.102910 2.235211 1.000000
-0.394614 -0.247604 2.871389 0.000000
-0.280633 -0.121615 2.054987 1.000000
-0.420912 -0.314210 2.912248 0.000000
-0.333639 -0.160089 2.004913 1.000000
-0.287165 -0.531611 2.743218 1.000000
-0.028255 -0.527277 2.684607 1.000000
-0.288702 -0.989334 2.759049 0.903606
-0.128183 -0.971593 2.636012 1.000000
-0.485545 -0.991923 2.665111 0.000000
-0.328437 -0.919045 2.567343 0.000000
-0.323102 0.594966 2.416103 1.000000
-0.329987 0.268964 2.772220 1.000000
-0.115422 0.322369 2.410438 1.000000
-0.339234 0.312666 2.524727 0.000000
-0.107746 0.220111 2.648355 0.461538
-0.238239 -0.006962 2.799922 0.000000
-0.052586 0.048427 2.514457 0.509615
-0.043980 0.060393 2.730852 0.389423
-0.364126 -0.009931 2.826192 0.000000
-0.205816 0.060621 2.308298 1.000000
-0.308441 -0.316722 2.826153 0.000000
-0.315565 -0.215883 2.185976 1.000000
-0.323896 -0.389540 2.861594 0.000000
-0.362496 -0.279409 2.162328 1.000000
-0.285453 -0.548489 2.754387 1.000000
-0.040892 -0.548783 2.663433 1.000000
-0.273316 -1.006258 2.746385 0.816106
-0.161861 -0.989642 2.635611 0.562981
-0.475945 -1.010221 2.665736 0.000000
-0.354809 -0.931432 2.552177 0.000000
-0.341002 0.568625 2.426674 1.000000
-0.302446 0.321866 2.823241 0.346154
-0.165160 0.308896 2.422292 1.000000
-0.361615 0.306570 2.579288 0.000000
-0.101701 0.265088 2.669626 0.000000
-0.182431 0.020846 2.840381 0.000000
-0.076102 0.019700 2.512177 0.836538
-0.007336 0.049743 2.715678 0.432692
-0.290176 0.060623 2.939270 0.000000
-0.238604 0.031837 2.349924 1.000000
-0.200695 -0.232637 2.995956 0.000000
-0.343506 -0.265188 2.282376 1.000000
-0.199857 -0.297352 3.047030 0.000000
-0.394197 -0.328447 2.267338 1.000000
-0.276938 -0.541481 2.755129 1.000000
-0.050839 -0.567688 2.649742 1.000000
-0.265917 -0.999223 2.744400 0.897356
-0.129786 -1.018364 2.629191 0.775481
-0.478301 -1.003175 2.694844 0.000000
-0.334520 -0.979560 2.564721 0.000000
-0.371997 0.519466 2.391073 1.000000