-0.246374 0.093301 2.948533 1.000000
-0.025419 0.252353 2.672082 1.000000
-0.238200 0.246178 2.770741 0.000000
-0.003828 0.024525 2.830541 0.000000
-0.246183 -0.180710 2.882323 1.000000
-0.075208 -0.116542 2.643998 0.490385
0.006949 -0.176269 2.875986 0.581731
-0.433393 -0.053714 2.832418 0.000000
0.131543 0.358205 2.488662 1.000000
-0.272448 -0.214597 2.654671 0.000000
0.331749 0.477210 2.320030 1.000000
-0.222104 -0.262403 2.627053 0.000000
0.401545 0.503869 2.319290 1.000000
-0.321418 -0.661871 2.776232 1.000000
-0.089297 -0.652762 2.766276 1.000000
-0.288933 -1.065174 2.877132 1.000000
-0.083420 -1.066702 2.816356 0.959856
-0.443322 -1.098907 2.792006 0.000000
-0.260699 -1.072550 2.788820 0.000000
-0.212618 0.500247 2.683008 1.000000
-0.229782 0.107208 2.946045 1.000000
-0.023134 0.266568 2.660001 1.000000
-0.230489 0.260198 2.768166 0.000000
0.006969 0.039034 2.816499 0.000000
-0.252105 -0.170623 2.891163 1.000000
-0.092026 -0.095998 2.648357 0.442308
-0.000211 -0.147635 2.878660 0.548077
-0.409572 -0.020599 2.797928 0.030769
0.051187 0.404987 2.447623 1.000000
-0.273922 -0.219306 2.636311 0.653846
0.141853 0.587186 2.243599 1.000000
-0.222140 -0.271240 2.622022 1.000000
0.195482 0.635069 2.223259 1.000000
-0.318044 -0.648204 2.769794 1.000000
-0.085703 -0.634763 2.763358 1.000000
-0.284265 -1.051108 2.871855 1.000000
-0.081305 -1.048073 2.818528 0.956731
-0.438793 -1.085496 2.787247 0.000000
-0.260166 -1.051930 2.803892 0.000000
-0.205982 0.505602 2.660056 1.000000
-0.250911 0.119336 2.963750 1.000000
-0.021071 0.228235 2.675939 1.000000
-0.228386 0.256522 2.774752 0.000000
-0.021212 0.012911 2.848021 0.000000
-0.264254 -0.166854 2.888507 1.000000
-0.082761 -0.082815 2.664572 0.375000
-0.013028 -0.137771 2.901748 0.490385
-0.411257 -0.012822 2.799429 0.230769
-0.008165 0.392396 2.470187 1.000000
-0.292051 -0.238518 2.663937 0.576923
-0.000935 0.583541 2.255591 1.000000
-0.227507 -0.251656 2.628666 1.000000
0.005810 0.645920 2.215020 1.000000
-0.310658 -0.643217 2.767071 1.000000
-0.080770 -0.626115 2.753029 1.000000
-0.280137 -1.046407 2.869030 1.000000
-0.077562 -1.037418 2.821646 0.912981
-0.427133 -1.081982 2.772352 0.000000
-0.252511 -1.045352 2.782272 0.000000
-0.203863 0.486639 2.674269 1.000000
-0.237409 0.082883 2.950445 1.000000
-0.023656 0.248489 2.676646 1.000000
-0.233199 0.239508 2.775806 0.000000
0.004120 0.019004 2.827709 0.000000
-0.253748 -0.183755 2.888291 1.000000
-0.086052 -0.105726 2.651778 0.365385
-0.001266 -0.164783 2.882990 0.730769
-0.380208 -0.053469 2.773825 0.123077
-0.046856 0.427461 2.485010 1.000000
-0.238054 -0.246460 2.612413 0.903846
-0.086731 0.627443 2.282843 1.000000
-0.173737 -0.248525 2.574444 0.947115
-0.110156 0.688021 2.245908 1.000000
-0.311668 -0.662358 2.763308 1.000000
-0.078940 -0.645223 2.761763 1.000000
-0.279485 -1.062680 2.875537 1.000000
-0.079992 -1.058249 2.819191 0.972356
-0.429409 -1.100314 2.784287 0.000000
-0.257898 -1.061091 2.795493 0.000000
-0.194806 0.493654 2.687845 1.000000
-0.231662 0.088698 2.954983 1.000000
-0.023922 0.257529 2.679038 1.000000
-0.229940 0.250209 2.784810 0.000000
0.004118 0.023378 2.822234 0.000000
-0.251127 -0.185643 2.896758 1.000000
-0.089958 -0.104375 2.656823 0.461538
0.001314 -0.170216 2.883693 0.620192
-0.384207 -0.040513 2.781166 0.046154
-0.029388 0.434251 2.484399 1.000000
-0.257531 -0.230243 2.603788 0.653846
-0.027198 0.631193 2.275864 1.000000
-0.196149 -0.233306 2.561297 0.980769
-0.035735 0.694584 2.237247 1.000000
-0.315518 -0.662395 2.767918 1.000000
-0.085941 -0.645154 2.762337 1.000000
-0.281099 -1.063322 2.877287 1.000000
-0.080365 -1.058342 2.818316 0.831731
-0.433532 -1.100225 2.789979 0.000000
-0.259503 -1.062211 2.807596 0.000000
-0.203600 0.491974 2.673090 1.000000
-0.227205 0.095120 2.938242 1.000000
-0.031886 0.282660 2.661841 1.000000
-0.238122 0.257078 2.768836 0.000000
0.013342 0.049623 2.805774 0.000000
-0.260340 -0.174350 2.889350 1.000000
-0.105729 -0.093160 2.645112 0.355769
-0.009119 -0.146875 2.872965 0.543269
-0.362238 -0.076593 2.789026 0.169231
0.039247 0.443004 2.466971 1.000000
-0.220154 -0.248061 2.605484 0.769231
0.145427 0.634745 2.283228 1.000000
-0.211134 -0.290432 2.544608 0.846154
0.195139 0.682973 2.255203 1.000000
-0.321941 -0.651376 2.772201 1.000000
-0.088988 -0.632772 2.756767 1.000000
-0.288561 -1.053437 2.877659 1.000000
-0.081144 -1.045910 2.812843 0.947356
-0.444645 -1.087826 2.795956 0.000000
-0.260481 -1.050177 2.806490 0.000000
-0.214793 0.504867 2.660759 1.000000
-0.225219 0.089233 2.927654 1.000000
-0.029514 0.280978 2.654306 1.000000
-0.236065 0.253355 2.760339 0.000000
0.015893 0.046173 2.795397 0.000000
-0.266074 -0.172910 2.888544 1.000000
-0.110921 -0.090491 2.645061 0.317308
-0.014612 -0.147723 2.872184 0.543269
-0.359637 -0.084358 2.780065 0.430769
0.069375 0.436686 2.468604 1.000000
-0.229104 -0.252215 2.584970 0.288462
0.233642 0.601998 2.303649 1.000000
-0.222725 -0.293857 2.523263 0.879808
0.294394 0.643834 2.291748 1.000000
-0.325047 -0.651074 2.775453 1.000000
-0.096120 -0.630789 2.753544 1.000000
-0.290956 -1.054407 2.875701 1.000000
-0.080756 -1.041977 2.821197 0.997356
-0.447832 -1.087707 2.795070 0.000000
-0.259995 -1.049648 2.815278 0.000000
-0.210668 0.508333 2.667576 1.000000
-0.222785 0.088794 2.927805 1.000000
-0.025531 0.275168 2.651766 1.000000
-0.231729 0.252242 2.759720 0.000000
0.016279 0.040183 2.793768 0.000000
-0.261021 -0.171823 2.886166 1.000000
-0.106019 -0.097424 2.640019 0.413462
-0.009100 -0.154455 2.866933 0.495192
-0.441353 -0.029386 2.838013 0.461538
0.076382 0.429323 2.467238 1.000000
-0.317829 -0.201032 2.642213 0.653846
0.250650 0.582881 2.302301 1.000000
-0.249255 -0.192911 2.613677 1.000000
0.316746 0.615361 2.289689 1.000000
-0.326064 -0.652808 2.783200 1.000000
-0.095826 -0.634983 2.760022 1.000000
-0.289270 -1.058312 2.873207 1.000000
-0.083787 -1.047747 2.818070 0.909856
-0.448528 -1.089765 2.796605 0.000000
-0.262961 -1.054194 2.809390 0.000000
-0.203956 0.508672 2.674780 1.000000
-0.230610 0.093894 2.948848 1.000000
-0.034069 0.260170 2.659932 1.000000
-0.235884 0.254377 2.777777 0.000000
-0.002377 0.025524 2.804917 0.000000
-0.270610 -0.162545 2.884726 0.951923
-0.119800 -0.078768 2.638988 0.490385
-0.020299 -0.128683 2.866461 0.581731
-0.434103 -0.030061 2.836211 0.200000
0.040355 0.423151 2.470411 1.000000
-0.315438 -0.222643 2.658772 0.903846
0.184417 0.584369 2.285496 1.000000
-0.253541 -0.246199 2.624180 1.000000
0.240985 0.623460 2.256263 1.000000
-0.321765 -0.641763 2.779417 1.000000
-0.095485 -0.618980 2.745874 1.000000
-0.288951 -1.047447 2.870151 1.000000
-0.082620 -1.028311 2.824435 1.000000
-0.448165 -1.077595 2.792934 0.000000
-0.261826 -1.035374 2.816979 0.000000
-0.205214 0.496603 2.694300 1.000000
-0.222931 0.091730 2.942067 1.000000
-0.027175 0.250689 2.650877 1.000000
-0.227725 0.249109 2.768123 0.000000
0.004363 0.019243 2.798665 0.000000
-0.264405 -0.164912 2.896699 0.115385
-0.112735 -0.073022 2.654416 0.355769
-0.013194 -0.139061 2.877723 0.576923
-0.433843 -0.016744 2.826587 0.323077
-0.032713 0.423834 2.454911 1.000000
-0.406122 -0.246191 2.655157 1.000000
0.007147 0.612684 2.244783 1.000000
-0.391350 -0.314824 2.680727 0.000000
0.030233 0.669836 2.202555 1.000000
-0.316454 -0.641510 2.771678 1.000000
-0.088685 -0.616179 2.743338 1.000000
-0.289849 -1.045634 2.870999 1.000000
-0.080298 -1.025010 2.825045 1.000000
-0.446035 -1.076309 2.788022 0.000000
-0.259340 -1.030953 2.813689 0.000000
-0.189906 0.494089 2.707287 1.000000
-0.231880 0.072500 2.927177 1.000000
-0.018886 0.250114 2.656623 1.000000
-0.224841 0.244641 2.767910 0.000000
-0.001987 0.004527 2.785722 0.000000
-0.252092 -0.181913 2.894814 0.375000
-0.090880 -0.093171 2.657570 0.317308
0.000449 -0.168498 2.881445 0.706731
-0.439728 -0.029059 2.801050 0.000000
-0.079368 0.414248 2.462682 1.000000
-0.377734 -0.232081 2.607279 0.000000
-0.129663 0.602799 2.255111 1.000000
-0.377462 -0.306064 2.617721 0.000000
-0.139729 0.663646 2.212934 1.000000
-0.314656 -0.657195 2.767795 1.000000
-0.080627 -0.635721 2.750984 1.000000
-0.284511 -1.058447 2.877235 1.000000
-0.082036 -1.045846 2.826375 1.000000
-0.437659 -1.093619 2.790465 0.000000
-0.260889 -1.048002 2.811303 0.000000
-0.185679 0.500698 2.695402 1.000000
-0.223043 0.094095 2.915332 1.000000
-0.010384 0.260328 2.637533 1.000000
-0.215754 0.260253 2.749845 0.000000
0.005729 0.019567 2.775368 0.000000
-0.264706 -0.161964 2.887286 0.259615
-0.101219 -0.058590 2.657646 0.182692
-0.013578 -0.129378 2.884458 0.461538
-0.432497 -0.015193 2.798676 0.000000
-0.117493 0.420209 2.457933 1.000000
-0.384771 -0.222064 2.604936 0.000000
-0.261487 0.600697 2.287227 1.000000
-0.383741 -0.296218 2.614033 0.000000
-0.294691 0.657494 2.251814 1.000000
-0.309357 -0.633768 2.764529 1.000000
-0.079620 -0.603704 2.743078 1.000000
-0.279606 -1.037143 2.865980 1.000000
-0.076888 -1.013453 2.820457 1.000000
-0.432660 -1.070478 2.778323 0.000000
-0.256384 -1.014608 2.820677 0.000000
-0.165216 0.509579 2.699100 0.850962
-0.232629 0.084012 2.940179 1.000000
-0.015439 0.262264 2.673699 1.000000
-0.226245 0.250042 2.774526 0.000000
0.007554 0.023175 2.813325 0.000000
-0.249073 -0.202131 2.891735 0.375000
-0.082500 -0.137418 2.650458 0.548077
0.003799 -0.192137 2.882177 0.427885
-0.441721 -0.044138 2.843839 0.769231
-0.137384 0.403490 2.485878 1.000000
-0.400617 -0.257289 2.655463 1.000000
-0.344542 0.554614 2.353018 1.000000
-0.374488 -0.318346 2.689697 0.644231
-0.404999 0.598518 2.353236 1.000000
-0.309822 -0.687249 2.780524 1.000000
-0.080207 -0.673028 2.773712 1.000000
-0.263810 -1.087399 2.888468 1.000000
-0.088816 -1.087054 2.822671 0.875481
-0.415627 -1.128226 2.801836 0.000000
-0.264834 -1.087554 2.787487 0.000000
-0.124816 0.491016 2.682365 0.500000
-0.258459 0.130740 2.942820 1.000000
-0.034019 0.258074 2.659463 1.000000
-0.245850 0.264713 2.750622 0.105769
-0.014286 0.048989 2.837096 0.043269
-0.262621 -0.159229 2.885908 1.000000
-0.088829 -0.036266 2.674188 0.057692
-0.010699 -0.134647 2.894080 0.937500
-0.444456 0.007612 2.803132 0.553846
-0.144120 0.413639 2.476704 1.000000
-0.405941 -0.239593 2.662312 1.000000
-0.355695 0.566460 2.354851 1.000000
-0.351361 -0.279160 2.694531 0.711538
-0.415087 0.611788 2.355608 1.000000
-0.307626 -0.622342 2.758422 1.000000
-0.082234 -0.586431 2.729776 1.000000
-0.288816 -1.024394 2.867462 1.000000
-0.080472 -0.992126 2.826199 1.000000
-0.438311 -1.056854 2.773559 0.000000
-0.258670 -0.987872 2.847355 0.014423
-0.027371 0.439397 2.730177 0.000000
-0.218023 0.003786 2.933149 1.000000
-0.030908 0.148318 2.628515 1.000000
-0.189297 0.190266 2.793693 0.692308
-0.071281 -0.107973 2.724684 0.000000
-0.284479 -0.201565 2.887652 0.548077
-0.116986 -0.049423 2.690301 0.125000
-0.035105 -0.160126 2.902847 0.519231
-0.450544 0.014661 2.811506 0.384615
-0.108576 0.373531 2.516093 1.000000
-0.422572 -0.197722 2.621258 0.000000
-0.260970 0.552860 2.351203 1.000000
-0.421491 -0.260428 2.661870 0.072115
-0.312816 0.600691 2.326570 1.000000
-0.318942 -0.652118 2.755707 1.000000
-0.084560 -0.600951 2.733514 1.000000
-0.289343 -1.051457 2.872072 1.000000
-0.077727 -1.007843 2.824518 1.000000
-0.438451 -1.089444 2.779638 0.000000
-0.243461 -0.995458 2.892335 0.000000
0.001380 0.364700 2.749550 0.000000
-0.233564 0.067841 2.939091 1.000000
-0.018381 0.231618 2.661380 1.000000
-0.223329 0.235119 2.774893 0.000000
-0.007182 -0.010663 2.797426 0.000000
-0.258619 -0.196436 2.888906 1.000000
-0.095458 -0.104622 2.654177 0.307692
-0.006171 -0.178750 2.879274 0.625000
-0.421255 -0.029277 2.779673 0.000000
-0.051976 0.411924 2.470414 1.000000
-0.357590 -0.253453 2.609160 0.000000
-0.120798 0.603797 2.265791 1.000000
-0.331651 -0.315149 2.642378 0.000000
-0.153464 0.663195 2.234369 1.000000
-0.320507 -0.670456 2.772079 1.000000
-0.083646 -0.646060 2.758592 1.000000
-0.281874 -1.072040 2.877563 1.000000
-0.084788 -1.057923 2.823833 0.916106
-0.436608 -1.108787 2.794333 0.000000
-0.264272 -1.057078 2.826027 0.000000
-0.181601 0.488250 2.694447 1.000000
-0.226610 0.110304 2.947898 1.000000
-0.010253 0.238960 2.657462 1.000000
-0.214974 0.256056 2.764408 0.000000
0.002220 0.016558 2.820113 0.000000
-0.268556 -0.168506 2.889540 1.000000
-0.102472 -0.081533 2.655018 0.307692
-0.017093 -0.138632 2.886503 0.562500
-0.430763 -0.000042 2.817624 0.400000
-0.007323 0.415032 2.457852 1.000000
-0.356225 -0.235892 2.665650 1.000000
0.022540 0.606973 2.242034 1.000000
-0.341801 -0.301737 2.697883 0.139423
0.025355 0.669517 2.201255 1.000000
-0.315382 -0.645788 2.767724 1.000000
-0.088958 -0.624540 2.746266 1.000000
-0.289939 -1.048079 2.874512 1.000000
-0.082764 -1.034558 2.822003 0.894231
-0.440916 -1.081796 2.783465 0.000000
-0.260416 -1.041795 2.797354 0.000000
-0.168539 0.496488 2.693162 1.000000
-0.222068 0.093794 2.922088 1.000000
-0.009992 0.257782 2.643385 1.000000
-0.216700 0.255398 2.752079 0.000000
0.010859 0.021777 2.787775 0.000000
-0.265445 -0.167248 2.889060 0.028846
-0.102699 -0.088249 2.649431 0.317308
-0.013215 -0.146909 2.878968 0.485577
-0.421974 -0.017236 2.785944 0.000000
0.040339 0.425353 2.442542 1.000000
-0.348727 -0.232278 2.605197 0.000000
0.127766 0.611493 2.237273 1.000000
-0.329982 -0.301439 2.626362 0.000000
0.186167 0.650694 2.212068 1.000000
-0.319823 -0.647519 2.769142 1.000000
-0.091760 -0.628736 2.752580 1.000000
-0.291806 -1.048892 2.878703 1.000000
-0.080240 -1.038982 2.826436 0.937981
-0.443835 -1.083753 2.789866 0.000000
-0.257748 -1.048455 2.801501 0.000000
-0.177749 0.509901 2.691407 1.000000