-0.386922 0.227054 2.524741 1.000000
-0.206736 0.120452 2.851410 1.000000
-0.191295 0.244798 2.653049 0.000000
-0.427317 0.024500 2.711344 0.000000
-0.299157 -0.202987 2.518949 0.278846
-0.177005 -0.187701 2.776252 1.000000
-0.417107 -0.238704 2.735168 1.000000
-0.398574 -0.020627 2.448681 1.000000
0.037480 0.130113 2.764646 1.000000
-0.249481 -0.258000 2.410362 1.000000
0.272278 0.287084 2.780991 1.000000
-0.210013 -0.320750 2.401022 0.139423
0.286251 0.358003 2.762071 1.000000
-0.021900 -0.616953 2.749070 1.000000
-0.329790 -0.663928 2.540922 1.000000
-0.097581 -1.024067 2.798256 1.000000
-0.350170 -1.078759 2.578190 1.000000
0.065421 -1.045670 2.870256 0.000000
-0.406394 -1.091270 2.408183 0.000000
-0.189243 0.472530 2.518458 1.000000
-0.413863 0.237064 2.518327 1.000000
-0.221216 0.106211 2.828663 1.000000
-0.214369 0.247379 2.641387 0.000000
-0.444801 0.018533 2.687939 0.000000
-0.320393 -0.197849 2.490470 0.173077
-0.191941 -0.193943 2.745115 1.000000
-0.432402 -0.245892 2.707458 1.000000
-0.426203 -0.008439 2.432318 1.000000
-0.033697 0.176847 2.662333 1.000000
-0.271732 -0.246609 2.421516 1.000000
0.182532 0.354912 2.709629 1.000000
-0.213005 -0.269807 2.461461 1.000000
0.192516 0.428958 2.709246 1.000000
-0.049161 -0.618712 2.720198 1.000000
-0.345494 -0.672761 2.518856 1.000000
-0.112799 -1.024022 2.794787 1.000000
-0.355891 -1.086484 2.569978 1.000000
0.048014 -1.034728 2.873812 0.000000
-0.396819 -1.106904 2.396403 0.000000
-0.230617 0.452655 2.475195 1.000000
-0.449998 0.217133 2.503800 1.000000
-0.240568 0.099295 2.808427 1.000000
-0.251380 0.245679 2.625390 0.000000
-0.454899 -0.008246 2.667083 0.000000
-0.340060 -0.197854 2.474257 0.221154
-0.209815 -0.185995 2.727743 0.807692
-0.447255 -0.251616 2.692333 1.000000
-0.470190 -0.032332 2.432825 1.000000
-0.096666 0.184682 2.609237 1.000000
-0.292346 -0.253070 2.419461 1.000000
0.129398 0.356186 2.612450 1.000000
-0.226062 -0.261001 2.453020 1.000000
0.144636 0.429332 2.612711 1.000000
-0.061135 -0.614911 2.704069 1.000000
-0.354580 -0.672465 2.514858 1.000000
-0.121629 -1.018028 2.791967 1.000000
-0.358311 -1.086237 2.566506 1.000000
0.040050 -1.025363 2.869597 0.000000
-0.400376 -1.107477 2.393302 0.000000
-0.257634 0.440400 2.455319 1.000000
-0.459721 0.206389 2.483578 1.000000
-0.200850 0.175970 2.770988 1.000000
-0.259237 0.288553 2.573595 0.000000
-0.403045 0.011208 2.673770 0.000000
-0.374308 -0.167261 2.489632 0.759615
-0.200045 -0.143175 2.714157 1.000000
-0.443505 -0.193105 2.727291 0.000000
-0.477644 -0.052242 2.444185 1.000000
-0.057814 0.244277 2.562096 1.000000
-0.286657 -0.264980 2.434701 1.000000
0.101358 0.468782 2.484108 1.000000
-0.224416 -0.274686 2.474881 1.000000
0.099551 0.543145 2.477070 1.000000
-0.067019 -0.584800 2.671298 1.000000
-0.353992 -0.636216 2.515465 1.000000
-0.119193 -0.981146 2.789946 1.000000
-0.360612 -1.050569 2.561905 1.000000
0.057720 -0.996613 2.816074 0.000000
-0.415858 -1.068719 2.392085 0.000000
-0.268229 0.448630 2.396581 1.000000
-0.528730 0.101750 2.505452 1.000000
-0.226007 0.183440 2.733989 0.000000
-0.348491 0.246872 2.544195 0.240385
-0.384964 -0.041833 2.695704 0.000000
-0.416696 -0.257309 2.479263 1.000000
-0.212557 -0.166684 2.656671 0.375000
-0.441180 -0.236378 2.726043 0.000000
-0.347867 -0.065814 2.418109 1.000000
-0.214139 0.170302 2.473025 1.000000
-0.230739 -0.323216 2.456017 1.000000
-0.015981 0.260944 2.288832 1.000000
-0.203885 -0.392221 2.466007 0.000000
0.007146 0.304177 2.232452 1.000000
-0.067841 -0.620999 2.702047 1.000000
-0.367804 -0.684375 2.535533 1.000000
-0.116296 -1.027224 2.782809 1.000000
-0.328315 -1.093439 2.606219 1.000000
0.058847 -1.040781 2.819704 0.000000
-0.442930 -1.127632 2.472374 0.000000
-0.303310 0.407710 2.376163 1.000000
-0.525191 0.180257 2.481420 1.000000
-0.203888 0.201217 2.697913 0.000000
-0.309494 0.270638 2.500236 0.254808
-0.422329 0.028827 2.691108 0.000000
-0.421724 -0.221701 2.495685 1.000000
-0.200531 -0.150721 2.661200 0.057692
-0.427282 -0.210908 2.744263 0.000000
-0.349058 0.000827 2.410728 1.000000
-0.173926 0.188329 2.438780 0.276923
-0.273478 -0.273409 2.426658 1.000000
-0.092621 0.221030 2.167691 0.980769
-0.263731 -0.347298 2.431949 1.000000
-0.077844 0.242715 2.097734 1.000000
-0.063103 -0.593300 2.690555 1.000000
-0.367579 -0.665323 2.541927 1.000000
-0.108836 -0.996476 2.786716 1.000000
-0.318871 -1.073114 2.614200 1.000000
0.067737 -1.009455 2.816275 0.000000
-0.430107 -1.110474 2.478365 0.000000
-0.346573 0.396467 2.292674 1.000000
-0.538386 0.154172 2.498682 1.000000
-0.188281 0.209544 2.649869 0.000000
-0.320115 0.230853 2.459623 0.264423
-0.407134 0.057896 2.724481 0.000000
-0.422770 -0.216351 2.541455 0.144231
-0.171188 -0.170819 2.667919 0.230769
-0.383393 -0.222791 2.787110 0.000000
-0.524884 -0.101947 2.518576 1.000000
-0.209599 0.196599 2.393839 1.000000
-0.333149 -0.304012 2.484653 1.000000
-0.134073 0.137753 2.130069 1.000000
-0.344114 -0.377076 2.495792 1.000000
-0.122913 0.114457 2.059959 1.000000
-0.055978 -0.603183 2.690827 1.000000
-0.376108 -0.671833 2.550887 1.000000
-0.110382 -1.004969 2.788280 1.000000
-0.323507 -1.080250 2.616595 1.000000
0.066506 -1.022939 2.812939 0.000000
-0.448407 -1.116252 2.492804 0.000000
-0.358846 0.386321 2.293389 1.000000
-0.530666 0.137566 2.498340 1.000000
-0.158112 0.165808 2.597732 0.000000
-0.312935 0.183293 2.423843 0.629808
-0.380662 0.049604 2.715693 0.000000
-0.407303 -0.222572 2.595038 0.000000
-0.134733 -0.207105 2.677657 0.346154
-0.328978 -0.233293 2.831023 0.000000
-0.513224 -0.112495 2.556360 1.000000
-0.207752 0.120480 2.349375 0.923077
-0.356322 -0.332429 2.480298 1.000000
-0.177427 -0.004330 2.099824 1.000000
-0.359171 -0.403407 2.503464 1.000000
-0.172741 -0.041459 2.035155 1.000000
-0.050723 -0.637199 2.677438 1.000000
-0.378044 -0.687898 2.558845 1.000000
-0.112483 -1.031490 2.798308 1.000000
-0.312859 -1.096156 2.613304 1.000000
0.064025 -1.062373 2.787752 0.000000
-0.437770 -1.132594 2.489652 0.000000
-0.370269 0.378933 2.266602 1.000000
-0.516847 0.145669 2.492759 1.000000
-0.138974 0.154962 2.564043 0.000000
-0.302808 0.174788 2.401179 0.000000
-0.356837 0.057700 2.702853 0.000000
-0.392404 -0.231286 2.604414 0.000000
-0.112755 -0.214020 2.657870 1.000000
-0.291419 -0.212718 2.831119 0.000000
-0.517116 -0.102035 2.562467 1.000000
-0.171955 0.121136 2.311094 1.000000
-0.364010 -0.322924 2.481478 1.000000
-0.168314 -0.019525 2.068210 1.000000
-0.373661 -0.393449 2.504190 1.000000
-0.170830 -0.058212 2.004338 1.000000
-0.057663 -0.664726 2.666250 1.000000
-0.379622 -0.680279 2.552765 1.000000
-0.116381 -1.053443 2.805320 0.987981
-0.299733 -1.084440 2.617267 1.000000
0.051345 -1.095887 2.757500 0.000000
-0.429596 -1.128589 2.501480 0.000000
-0.381656 0.390432 2.282655 1.000000
-0.468534 0.189517 2.507678 1.000000
-0.089764 0.138104 2.457218 0.855769
-0.295647 0.161594 2.351543 0.519231
-0.259937 0.108811 2.673373 0.000000
-0.369630 -0.198787 2.642139 0.000000
-0.088985 -0.212567 2.593069 1.000000
-0.193269 -0.181249 2.816860 0.000000
-0.498692 -0.057618 2.563435 1.000000
-0.148493 0.080925 2.215611 0.876923
-0.377847 -0.291058 2.472006 1.000000
-0.168574 -0.050201 1.970951 1.000000
-0.348908 -0.359815 2.476205 0.307692
-0.177576 -0.083953 1.904902 1.000000
-0.076751 -0.667167 2.653523 1.000000
-0.380895 -0.662973 2.552938 1.000000
-0.117300 -1.053075 2.806230 0.869231
-0.306678 -1.069503 2.608737 1.000000
0.028318 -1.104566 2.714774 0.000000
-0.447730 -1.109470 2.505165 0.000000
-0.393828 0.428488 2.293236 1.000000
-0.459412 0.211920 2.551710 1.000000
-0.093876 0.188060 2.431216 0.894231
-0.317196 0.192586 2.366108 0.019231
-0.217628 0.152388 2.676118 0.000000
-0.373145 -0.177882 2.635610 0.000000
-0.106872 -0.168971 2.533733 1.000000
-0.167742 -0.158765 2.774832 0.000000
-0.508557 -0.035296 2.558136 1.000000
-0.111994 0.094104 2.197945 0.938462
-0.381333 -0.265717 2.478344 1.000000
-0.154028 -0.014797 1.948908 1.000000
-0.350081 -0.313112 2.429768 0.610577
-0.170725 -0.038880 1.880177 1.000000
-0.079512 -0.645138 2.642192 1.000000
-0.375606 -0.640510 2.556469 1.000000
-0.109024 -1.029686 2.800751 0.819231
-0.325783 -1.053088 2.590907 1.000000
0.017398 -1.086432 2.686656 0.000000
-0.485339 -1.078874 2.512824 0.000000
-0.376352 0.472905 2.348465 1.000000
-0.463735 0.209351 2.561459 1.000000
-0.085081 0.212367 2.476863 0.625000
-0.303187 0.218872 2.390633 0.000000
-0.233104 0.141041 2.701546 0.000000
-0.380229 -0.179469 2.614090 0.000000
-0.100606 -0.161860 2.560608 1.000000
-0.201995 -0.172447 2.787646 0.000000
-0.503943 -0.038804 2.546264 1.000000
-0.086823 0.106254 2.248466 0.938462
-0.370086 -0.265912 2.468933 1.000000
-0.134378 0.003551 1.998135 1.000000
-0.339265 -0.319265 2.426671 0.711538
-0.155107 -0.015785 1.929004 1.000000
-0.075060 -0.639566 2.633114 1.000000
-0.381246 -0.633264 2.551526 1.000000
-0.107411 -1.021092 2.798281 0.787981
-0.331255 -1.045531 2.589295 1.000000
0.037956 -1.073066 2.706698 0.000000
-0.492453 -1.071896 2.514861 0.000000
-0.355649 0.491426 2.367865 1.000000
-0.335970 0.118128 2.714102 1.000000
-0.085192 0.215961 2.434669 1.000000
-0.306074 0.233260 2.511868 0.000000
-0.086545 0.022983 2.635265 0.000000
-0.322285 -0.182222 2.708634 0.000000
-0.137275 -0.156607 2.493054 0.663462
-0.075059 -0.168516 2.733731 0.812500
-0.479961 -0.021407 2.557603 0.507692
-0.035558 0.040683 2.257161 1.000000
-0.420335 -0.261593 2.432150 1.000000
-0.125489 -0.049385 2.010621 1.000000
-0.356494 -0.300272 2.435447 0.947115
-0.171567 -0.039839 1.952583 1.000000
-0.076191 -0.661520 2.625173 1.000000
-0.379669 -0.632344 2.563056 1.000000
-0.101624 -1.033749 2.811420 0.681731
-0.332388 -1.045722 2.590847 1.000000
-0.075553 -1.114639 2.653315 0.000000
-0.507882 -1.067847 2.560309 0.000000
-0.300760 0.466669 2.403184 1.000000
-0.304535 0.071688 2.750085 1.000000
-0.069807 0.213656 2.475692 1.000000
-0.282902 0.224394 2.573279 0.000000
-0.067820 -0.016079 2.632851 0.000000
-0.294887 -0.188193 2.704399 0.000000
-0.132600 -0.171866 2.470399 0.855769
-0.046173 -0.196904 2.702437 0.096154
-0.486435 0.024277 2.578381 0.446154
0.023617 -0.012760 2.406229 1.000000
-0.428513 -0.192233 2.414380 1.000000
-0.070313 -0.141277 2.178658 1.000000
-0.391791 -0.257090 2.419646 1.000000
-0.116306 -0.158315 2.122293 1.000000
-0.059519 -0.669405 2.614225 1.000000
-0.387752 -0.639431 2.565071 1.000000
-0.116039 -1.030576 2.814848 0.944231
-0.336410 -1.052745 2.585670 1.000000
-0.071156 -1.120286 2.665992 0.000000
-0.514348 -1.075214 2.578343 0.000000
-0.250556 0.463168 2.462225 1.000000
-0.303855 0.072263 2.787657 1.000000
-0.049064 0.202557 2.525648 1.000000
-0.263533 0.228374 2.617213 0.000000
-0.071791 -0.031632 2.674376 0.000000
-0.280361 -0.186788 2.709383 0.000000
-0.111752 -0.182897 2.479350 0.923077
-0.033435 -0.217648 2.713009 0.000000
-0.458975 0.049077 2.584012 0.584615
0.037880 -0.037540 2.496232 1.000000
-0.438730 -0.174551 2.416080 1.000000
-0.050497 -0.224300 2.306679 1.000000
-0.418894 -0.240781 2.444415 0.442308
-0.061740 -0.295477 2.286929 0.913462
-0.061171 -0.676234 2.626485 1.000000
-0.383792 -0.644635 2.563821 1.000000
-0.102634 -1.044883 2.816925 0.900481
-0.339641 -1.059036 2.578367 1.000000
-0.083518 -1.128491 2.659240 0.000000
-0.517575 -1.078467 2.564862 0.000000
-0.231492 0.455837 2.495879 1.000000