-0.419976 0.236422 2.705750 1.000000
-0.166591 0.126036 2.978065 1.000000
-0.210037 0.275847 2.802803 0.000000
-0.389277 0.007225 2.860693 0.000000
-0.324317 -0.155932 2.656635 0.298077
-0.164836 -0.140157 2.892593 1.000000
-0.405923 -0.201696 2.887252 0.000000
-0.460606 -0.021602 2.670732 1.000000
0.043779 0.061953 2.832837 0.492308
-0.360107 -0.287772 2.629529 1.000000
0.233553 -0.082180 2.672038 1.000000
-0.319406 -0.348477 2.645052 0.778846
0.281611 -0.121261 2.630255 0.000000
-0.025454 -0.599501 2.758390 1.000000
-0.297508 -0.646667 2.725033 1.000000
-0.073381 -1.010469 2.810329 1.000000
-0.272963 -1.050161 2.827403 1.000000
0.104527 -1.032403 2.800946 0.000000
-0.283862 -1.094844 2.653896 0.000000
-0.201905 0.482380 2.671318 1.000000
-0.440574 0.194509 2.714164 1.000000
-0.155580 0.113645 2.964729 1.000000
-0.233870 0.262950 2.801553 0.000000
-0.363374 -0.034066 2.852996 0.000000
-0.333838 -0.179263 2.657007 0.298077
-0.162705 -0.151647 2.883525 0.201923
-0.402509 -0.217523 2.893140 0.000000
-0.456688 -0.060672 2.652751 1.000000
0.069841 0.125813 2.829874 0.753846
-0.336258 -0.320235 2.632622 1.000000
0.303569 0.065711 2.674821 1.000000
-0.326013 -0.391254 2.611790 0.105769
0.343762 0.048103 2.614347 0.812500
0.000441 -0.595283 2.763077 1.000000
-0.284203 -0.665557 2.727551 1.000000
-0.047280 -1.007103 2.807978 1.000000
-0.272998 -1.068784 2.833244 1.000000
0.130945 -1.028150 2.804362 0.000000
-0.287554 -1.114525 2.660282 0.000000
-0.214629 0.463642 2.662587 1.000000
-0.423359 0.192271 2.702829 1.000000
-0.134501 0.133132 2.955034 0.951923
-0.217287 0.270176 2.783532 0.062500
-0.340285 -0.025438 2.855086 0.000000
-0.320520 -0.174244 2.667750 0.221154
-0.137931 -0.146506 2.885123 0.490385
-0.377172 -0.211420 2.907222 0.000000
-0.427910 -0.064153 2.648308 1.000000
0.069905 0.200790 2.805410 0.907692
-0.322199 -0.329159 2.628292 1.000000
0.333429 0.252655 2.707078 1.000000
-0.276052 -0.379154 2.659173 0.442308
0.398898 0.272916 2.677311 1.000000
0.035951 -0.572973 2.768693 1.000000
-0.277424 -0.651370 2.709998 1.000000
0.035886 -0.987375 2.815165 1.000000
-0.266552 -1.049343 2.834050 1.000000
0.215303 -0.988013 2.809728 0.000000
-0.319860 -1.101675 2.670833 0.000000
-0.204338 0.478528 2.655608 1.000000
-0.411171 0.177697 2.685870 1.000000
-0.123479 0.168068 2.946033 0.836538
-0.213638 0.279933 2.760546 0.269231
-0.313868 -0.016064 2.860427 0.000000
-0.305124 -0.177107 2.670036 0.182692
-0.113051 -0.141348 2.877855 0.865385
-0.350627 -0.206666 2.912923 0.000000
-0.401499 -0.080224 2.642338 1.000000
0.069775 0.243052 2.786212 0.923077
-0.294176 -0.344329 2.626372 1.000000
0.325948 0.345440 2.712612 1.000000
-0.246919 -0.399806 2.642856 1.000000
0.389217 0.380426 2.693755 1.000000
0.064199 -0.564805 2.763455 1.000000
-0.266311 -0.646494 2.713366 1.000000
0.097910 -0.976642 2.819519 1.000000
-0.268059 -1.043889 2.839711 1.000000
0.276161 -0.964396 2.802295 0.000000
-0.337461 -1.093769 2.681865 0.000000
-0.178151 0.487579 2.650671 1.000000
-0.385505 0.156903 2.673782 1.000000
-0.098034 0.163252 2.934289 0.721154
-0.192928 0.268838 2.747489 0.230769
-0.279737 -0.030285 2.850572 0.000000
-0.283107 -0.184726 2.666280 0.163462
-0.089401 -0.144491 2.871752 0.692308
-0.326827 -0.208475 2.910130 0.000000
-0.386420 -0.103500 2.651653 1.000000
0.082295 0.265502 2.775145 0.938462
-0.266001 -0.360794 2.627745 1.000000
0.323243 0.406112 2.716446 1.000000
-0.221530 -0.418982 2.642549 1.000000
0.383618 0.447956 2.702786 1.000000
0.084983 -0.572137 2.765822 1.000000
-0.256080 -0.647646 2.713270 1.000000
0.132504 -0.983588 2.814187 1.000000
-0.274545 -1.046236 2.834409 1.000000
0.310158 -0.965172 2.796298 0.000000
-0.354775 -1.089514 2.679778 0.000000
-0.160836 0.492658 2.662901 1.000000
-0.351167 0.154465 2.728837 1.000000
0.013597 0.265001 2.780428 1.000000
-0.166569 0.264359 2.634525 0.235577
-0.149570 0.081405 2.906324 0.000000
-0.232888 -0.175393 2.749967 0.000000
0.049010 -0.153556 2.787601 1.000000
-0.117851 -0.177858 2.970644 0.000000
-0.299532 -0.091094 2.656303 1.000000
0.241447 0.380094 2.725065 1.000000
-0.227776 -0.365863 2.633117 1.000000
0.468623 0.551056 2.706402 1.000000
-0.230529 -0.432405 2.666988 1.000000
0.509290 0.613424 2.700162 1.000000
0.136148 -0.584980 2.746544 1.000000
-0.231960 -0.623542 2.715774 1.000000
0.170363 -0.995555 2.810937 1.000000
-0.271422 -1.023450 2.827153 1.000000
0.339813 -0.990690 2.751920 0.000000
-0.410768 -1.040840 2.715346 0.000000
-0.124034 0.546092 2.663327 0.605769
-0.326431 0.184021 2.692372 1.000000
0.036473 0.256072 2.782819 1.000000
-0.121057 0.269199 2.617444 0.149038
-0.156082 0.097464 2.894782 0.000000
-0.203506 -0.187489 2.730567 0.000000
0.072035 -0.161916 2.799722 0.403846
-0.114889 -0.180178 2.963014 0.000000
-0.251615 -0.059335 2.635595 1.000000
0.254543 0.383805 2.718219 1.000000
-0.213477 -0.341288 2.631770 1.000000
0.473269 0.565106 2.702218 1.000000
-0.221962 -0.402042 2.674427 1.000000
0.528124 0.615654 2.697938 1.000000
0.156006 -0.601715 2.746469 1.000000
-0.216366 -0.621056 2.698194 1.000000
0.178939 -1.012419 2.814924 1.000000
-0.253553 -1.016813 2.824220 1.000000
0.346635 -1.013723 2.750919 0.000000
-0.385597 -1.042268 2.705322 0.000000
-0.063470 0.538286 2.690660 0.490385
-0.269749 0.166077 2.699877 1.000000
0.085294 0.282896 2.784703 1.000000
-0.077468 0.275203 2.621346 0.000000
-0.086964 0.101903 2.899758 0.000000
-0.176892 -0.177705 2.730631 0.000000
0.099943 -0.159179 2.796803 0.288462
-0.085748 -0.170660 2.962107 0.000000
-0.215786 -0.083173 2.646581 1.000000
0.304528 0.402767 2.710907 1.000000
-0.165122 -0.362273 2.629071 1.000000
0.520257 0.584024 2.673797 1.000000
-0.183067 -0.425365 2.664848 1.000000
0.573316 0.635983 2.682014 1.000000
0.181348 -0.592480 2.741819 1.000000
-0.187093 -0.621775 2.707127 1.000000
0.188122 -1.003624 2.811124 1.000000
-0.232036 -1.017960 2.829220 1.000000
0.356771 -1.011129 2.750118 0.000000
-0.360672 -1.041273 2.706218 0.000000
-0.022567 0.551947 2.670166 0.485577
-0.238333 0.188742 2.666107 1.000000
0.109455 0.299443 2.782174 1.000000
-0.033627 0.283876 2.602132 0.009615
-0.082531 0.135201 2.890473 0.000000
-0.154933 -0.159870 2.708500 0.000000
0.112928 -0.137254 2.803885 0.000000
-0.089277 -0.150465 2.948373 0.000000
-0.193356 -0.064301 2.625176 1.000000
0.335093 0.402460 2.703405 1.000000
-0.135534 -0.342197 2.629984 1.000000
0.551378 0.580782 2.658520 1.000000
-0.131668 -0.413623 2.651569 1.000000
0.605244 0.632060 2.665707 1.000000
0.194182 -0.579400 2.743474 1.000000
-0.163847 -0.606161 2.708495 1.000000
0.203767 -0.991462 2.806737 1.000000
-0.217637 -1.004150 2.820745 1.000000
0.373564 -0.996417 2.748731 0.000000
-0.341219 -1.023747 2.692044 0.000000
0.007620 0.550404 2.682881 0.312500
-0.195988 0.192028 2.668654 1.000000
0.134443 0.325279 2.816986 1.000000
0.002986 0.308603 2.625439 0.240385
-0.051039 0.137099 2.899854 0.000000
-0.124901 -0.136994 2.687032 0.192308
0.134530 -0.114850 2.803498 0.000000
-0.078396 -0.130173 2.931427 0.000000
-0.147603 -0.053383 2.607606 1.000000
0.356993 0.387198 2.703266 1.000000
-0.119767 -0.332431 2.623205 1.000000
0.576886 0.555471 2.656170 1.000000
-0.090698 -0.397651 2.645205 1.000000
0.635702 0.601509 2.654232 1.000000
0.212500 -0.563765 2.742995 1.000000
-0.139453 -0.583743 2.697191 1.000000
0.219486 -0.976236 2.803889 1.000000
-0.211803 -0.977452 2.814013 1.000000
0.391493 -0.980868 2.752777 0.000000
-0.329602 -0.995629 2.679800 0.000000
0.047344 0.524607 2.690939 0.230769
-0.183672 0.172064 2.655610 1.000000
0.140767 0.322993 2.801948 1.000000
0.013362 0.290615 2.609013 0.091346
-0.042494 0.135607 2.892719 0.000000
-0.114316 -0.134465 2.690037 0.000000
0.143146 -0.116911 2.811546 0.000000
-0.071597 -0.140267 2.935149 0.000000
-0.171369 -0.087562 2.659185 1.000000
0.373291 0.381520 2.701562 1.000000
-0.084337 -0.355324 2.625523 1.000000
0.598698 0.547425 2.656054 1.000000
-0.038256 -0.412032 2.641124 1.000000
0.653682 0.597956 2.653599 1.000000
0.219457 -0.566117 2.744024 1.000000
-0.138233 -0.580384 2.698216 1.000000
0.225328 -0.978711 2.804193 1.000000
-0.202389 -0.976537 2.811511 1.000000
0.399087 -0.982779 2.759344 0.000000
-0.329128 -0.992091 2.685355 0.000000
0.063694 0.533876 2.676328 0.312500
-0.184613 0.184908 2.658837 1.000000
0.139193 0.318658 2.822661 1.000000
0.015947 0.301847 2.624941 0.125000
-0.050277 0.129780 2.896314 0.000000
-0.106764 -0.128908 2.690006 0.000000
0.147498 -0.113412 2.818343 0.000000
-0.070333 -0.138807 2.936000 0.000000
-0.169606 -0.074934 2.656974 1.000000
0.370675 0.370644 2.715611 1.000000
-0.092316 -0.346675 2.628758 1.000000
0.598540 0.529167 2.655930 1.000000
-0.136215 -0.396581 2.662889 1.000000
0.657287 0.574918 2.649745 1.000000
0.218178 -0.567278 2.740174 1.000000
-0.131497 -0.575085 2.692331 1.000000
0.223038 -0.979336 2.804002 1.000000
-0.210425 -0.964795 2.817972 1.000000
0.395495 -0.984964 2.754535 0.000000
-0.331286 -0.982712 2.686473 0.000000
0.050362 0.538376 2.675102 0.365385
-0.179628 0.178541 2.673059 1.000000
0.142701 0.310035 2.844399 1.000000
0.017809 0.302357 2.645928 0.187500
-0.042701 0.111771 2.906027 0.000000
-0.113816 -0.133312 2.692643 0.000000
0.140149 -0.114340 2.821099 0.000000
-0.077141 -0.144902 2.938526 0.000000
-0.172248 -0.081338 2.659869 1.000000
0.370971 0.347699 2.725066 1.000000
-0.093972 -0.353037 2.633611 1.000000
0.595024 0.512488 2.667784 1.000000
-0.138009 -0.402670 2.667960 1.000000
0.650872 0.560206 2.654121 1.000000
0.208082 -0.574439 2.737792 1.000000
-0.138543 -0.574891 2.690315 1.000000
0.218997 -0.985857 2.804913 1.000000
-0.212489 -0.967252 2.810620 1.000000
0.389206 -0.990609 2.748109 0.000000
-0.337750 -0.982778 2.682992 0.000000
0.045813 0.546478 2.662182 0.485577
-0.182278 0.183644 2.665423 1.000000
0.117747 0.266164 2.897196 1.000000
0.020124 0.300401 2.686614 0.427885
-0.079215 0.069475 2.897424 0.000000
-0.113069 -0.126950 2.676972 0.115385
0.120535 -0.127387 2.840645 0.000000
-0.112201 -0.155509 2.924200 0.000000
-0.205435 -0.074570 2.671139 1.000000
0.332672 0.314309 2.760327 1.000000
-0.148588 -0.347689 2.624344 1.000000
0.564477 0.453403 2.677051 1.000000
-0.164339 -0.405407 2.669101 1.000000
0.616883 0.500971 2.653104 1.000000
0.198724 -0.573210 2.736026 1.000000
-0.152947 -0.584571 2.689506 1.000000
0.214242 -0.985970 2.793269 1.000000
-0.218100 -0.975359 2.819616 1.000000
0.390578 -0.983986 2.759773 0.000000
-0.330923 -1.002166 2.682603 0.000000
0.064166 0.508800 2.686462 1.000000
-0.241216 0.173993 2.689649 1.000000
0.064835 0.271552 2.907272 0.000000
-0.049206 0.307895 2.705476 0.543269
-0.113146 0.057534 2.907632 0.000000
-0.159377 -0.158023 2.686387 0.240385
0.084313 -0.149037 2.834353 0.000000
-0.140394 -0.192428 2.932139 0.000000
-0.242082 -0.089052 2.673069 1.000000
0.292831 0.230600 2.781537 0.830769
-0.123439 -0.347069 2.628198 1.000000
0.544245 0.314748 2.670305 1.000000
-0.161301 -0.408302 2.648186 1.000000
0.588748 0.352970 2.624032 1.000000
0.177421 -0.589443 2.729455 1.000000
-0.180065 -0.614682 2.693380 1.000000
0.204277 -0.999807 2.798516 1.000000
-0.231700 -1.006999 2.824951 1.000000
0.379897 -0.994496 2.761779 0.000000
-0.354117 -1.033975 2.696472 0.000000
-0.026260 0.530514 2.685293 0.812500
-0.288429 0.202872 2.747366 1.000000
0.088991 0.250851 2.823497 1.000000
-0.084465 0.289531 2.670316 0.004808
-0.110057 0.085370 2.925853 0.000000
-0.182595 -0.173852 2.742036 0.000000
0.095980 -0.157065 2.800976 0.115385
-0.082416 -0.205255 2.967682 0.000000
-0.254715 -0.046133 2.673185 1.000000
0.329640 0.157618 2.778349 1.000000
-0.194763 -0.320232 2.618823 1.000000
0.552260 0.195255 2.603123 1.000000
-0.185176 -0.386445 2.652088 1.000000
0.598193 0.203676 2.544797 0.290865
0.164816 -0.602708 2.723264 1.000000
-0.211518 -0.605266 2.695283 1.000000
0.194296 -1.012189 2.796374 1.000000
-0.237503 -1.005660 2.808854 1.000000
0.362934 -1.011026 2.734889 0.000000
-0.390662 -1.021871 2.716659 0.000000
-0.062833 0.539633 2.686971 0.586538