-0.404386 0.234067 2.507760 1.000000
-0.047267 0.236300 2.553160 0.000000
-0.214512 0.282898 2.439111 0.000000
-0.236097 0.103286 2.617737 0.000000
-0.445558 -0.128611 2.479423 1.000000
-0.023616 -0.097981 2.529361 1.000000
-0.248761 -0.113622 2.624352 0.000000
-0.487940 -0.023694 2.528381 1.000000
0.018516 0.011178 2.415903 1.000000
-0.510269 -0.296319 2.439117 1.000000
0.013700 0.192590 2.192615 1.000000
-0.518806 -0.360883 2.417232 0.000000
0.029357 0.251822 2.161523 1.000000
-0.353339 -0.622545 2.503607 1.000000
-0.103203 -0.610251 2.511203 1.000000
-0.358222 -1.004703 2.607275 1.000000
-0.135692 -0.984643 2.636064 1.000000
-0.346671 -1.048523 2.446281 0.000000
-0.105236 -1.039044 2.480869 0.250000
-0.205773 0.529173 2.428586 1.000000
-0.397946 0.244236 2.504766 1.000000
-0.044413 0.230804 2.571353 0.605769
-0.202494 0.286859 2.448808 0.000000
-0.241894 0.104145 2.621135 0.000000
-0.440218 -0.114285 2.464988 1.000000
-0.020402 -0.100428 2.535908 1.000000
-0.250546 -0.103403 2.619470 0.000000
-0.484775 -0.009701 2.511240 1.000000
0.042879 0.129872 2.338419 1.000000
-0.511360 -0.278192 2.421806 1.000000
0.084597 0.381452 2.212880 1.000000
-0.513220 -0.344002 2.402157 0.072115
0.094864 0.446894 2.231111 1.000000
-0.349973 -0.613196 2.509841 1.000000
-0.106580 -0.608197 2.525603 1.000000
-0.358923 -0.994581 2.616055 1.000000
-0.141194 -0.986064 2.638892 1.000000
-0.337859 -1.039553 2.456348 0.000000
-0.104622 -1.035998 2.483517 0.269231
-0.159888 0.522604 2.433295 1.000000
-0.395570 0.247369 2.522014 1.000000
-0.039675 0.217149 2.528929 0.913462
-0.210706 0.275960 2.431697 0.000000
-0.228906 0.104344 2.618379 0.000000
-0.446060 -0.111158 2.502414 1.000000
-0.020120 -0.111304 2.508898 1.000000
-0.234926 -0.107367 2.626375 0.000000
-0.482743 -0.003065 2.503142 1.000000
0.089149 0.224509 2.296501 1.000000
-0.515646 -0.264279 2.403561 1.000000
0.129640 0.472913 2.170455 1.000000
-0.526369 -0.330988 2.391096 0.122596
0.150892 0.538004 2.164800 1.000000
-0.351565 -0.615307 2.498809 1.000000
-0.105371 -0.614173 2.526146 1.000000
-0.360725 -0.994447 2.612758 1.000000
-0.142165 -0.992222 2.638135 1.000000
-0.364578 -1.042488 2.452603 0.000000
-0.126505 -1.040916 2.478899 0.274038
-0.136109 0.526209 2.448136 1.000000
-0.385067 0.253166 2.531438 1.000000
-0.033965 0.205212 2.517337 1.000000
-0.204494 0.273659 2.430826 0.000000
-0.220696 0.100503 2.616266 0.000000
-0.442864 -0.111326 2.515358 1.000000
-0.017337 -0.117153 2.496386 1.000000
-0.224677 -0.110940 2.626500 0.000000
-0.479906 0.008243 2.503532 1.000000
0.101681 0.240034 2.293401 1.000000
-0.516176 -0.247938 2.397399 1.000000
0.143062 0.484737 2.164495 1.000000
-0.532981 -0.309554 2.422725 0.391827
0.143819 0.553432 2.163554 1.000000
-0.353786 -0.616634 2.496622 1.000000
-0.102476 -0.618224 2.520459 1.000000
-0.363047 -0.994586 2.614447 1.000000
-0.142656 -0.994124 2.638360 1.000000
-0.376799 -1.043886 2.455221 0.000000
-0.134434 -1.044917 2.479222 0.298077
-0.123671 0.517957 2.441389 1.000000
-0.368992 0.253687 2.534941 1.000000
-0.018683 0.198765 2.516584 0.836538
-0.189056 0.271857 2.432755 0.000000
-0.206924 0.096616 2.616072 0.000000
-0.435861 -0.106549 2.518123 1.000000
-0.010967 -0.126288 2.494837 1.000000
-0.216644 -0.112916 2.627034 0.000000
-0.470000 0.012015 2.507645 1.000000
0.105434 0.228820 2.286270 1.000000
-0.518472 -0.240789 2.400442 1.000000
0.148192 0.480403 2.173887 1.000000
-0.522751 -0.308772 2.409410 0.442308
0.128281 0.543995 2.157153 1.000000
-0.352881 -0.615253 2.490847 1.000000
-0.098491 -0.623261 2.516883 1.000000
-0.361774 -0.993819 2.606713 1.000000
-0.135536 -1.000332 2.632039 1.000000
-0.377511 -1.042212 2.447392 0.000000
-0.129282 -1.049710 2.472367 0.216346
-0.112148 0.510204 2.437818 1.000000
-0.363223 0.253923 2.524118 1.000000
-0.011981 0.201465 2.519238 0.817308
-0.180020 0.270853 2.427684 0.000000
-0.202866 0.100462 2.614976 0.000000
-0.426915 -0.103493 2.508810 1.000000
-0.001732 -0.128495 2.501011 1.000000
-0.211942 -0.113157 2.625648 0.000000
-0.464406 0.010616 2.509111 1.000000
0.108316 0.225151 2.285510 1.000000
-0.510263 -0.249068 2.416594 1.000000
0.137583 0.473302 2.160359 1.000000
-0.538726 -0.299547 2.379686 0.156250
0.134626 0.541005 2.149045 1.000000
-0.352136 -0.613222 2.490639 1.000000
-0.093837 -0.624298 2.514203 1.000000
-0.361142 -0.992346 2.604657 1.000000
-0.141718 -0.997558 2.637491 1.000000
-0.373423 -1.040116 2.444845 0.000000
-0.127570 -1.051459 2.479798 0.302885
-0.114049 0.515981 2.432192 1.000000
-0.362363 0.250963 2.530148 1.000000
-0.008421 0.207151 2.518522 0.855769
-0.181169 0.274929 2.431438 0.000000
-0.196909 0.099199 2.614481 0.000000
-0.422765 -0.102693 2.507975 1.000000
0.002275 -0.128187 2.495406 1.000000
-0.206474 -0.112076 2.622380 0.000000
-0.459320 0.006241 2.507907 1.000000
0.108977 0.220250 2.282237 1.000000
-0.502779 -0.254956 2.417777 1.000000
0.137997 0.471257 2.162284 1.000000
-0.527792 -0.316891 2.401692 0.038462
0.128493 0.529691 2.127419 1.000000
-0.348867 -0.612445 2.488138 1.000000
-0.091848 -0.623995 2.511479 1.000000
-0.360574 -0.986226 2.618396 1.000000
-0.128028 -1.002217 2.623080 1.000000
-0.375104 -1.040650 2.460917 0.000000
-0.119722 -1.050221 2.463083 0.153846
-0.116923 0.510574 2.421014 1.000000
-0.353656 0.254374 2.511660 1.000000
-0.000229 0.204518 2.536298 0.750000
-0.163008 0.274653 2.431714 0.000000
-0.200223 0.100499 2.613151 0.000000
-0.415298 -0.101783 2.488004 1.000000
0.008839 -0.128643 2.517221 1.000000
-0.211341 -0.112245 2.623098 0.000000
-0.454054 0.008562 2.523396 1.000000
0.093657 0.213609 2.287816 1.000000
-0.502984 -0.254821 2.437193 1.000000
0.136522 0.454620 2.148993 1.000000
-0.512489 -0.322032 2.426578 0.324519
0.119866 0.519081 2.132026 1.000000
-0.346179 -0.611728 2.489779 1.000000
-0.090815 -0.624670 2.505479 1.000000
-0.357469 -0.991116 2.602710 1.000000
-0.138742 -0.996355 2.633420 1.000000
-0.357660 -1.038826 2.442409 0.000000
-0.113144 -1.053092 2.478184 0.211538
-0.117115 0.512570 2.409073 1.000000
-0.350950 0.253100 2.512223 1.000000
0.002334 0.203348 2.535421 0.625000
-0.160667 0.273065 2.431334 0.000000
-0.197064 0.099597 2.613591 0.000000
-0.414356 -0.102077 2.489999 1.000000
0.009957 -0.128846 2.516633 1.000000
-0.209585 -0.112598 2.623851 0.000000
-0.453498 0.007107 2.525174 1.000000
0.089293 0.216236 2.283493 1.000000
-0.499613 -0.256808 2.435505 1.000000
0.133286 0.457048 2.142451 1.000000
-0.482184 -0.322964 2.441831 0.560096
0.114671 0.521444 2.127382 1.000000
-0.345283 -0.611992 2.491658 1.000000
-0.092427 -0.625096 2.505008 1.000000
-0.358926 -0.988418 2.613860 1.000000
-0.128905 -1.002766 2.618369 1.000000
-0.360555 -1.040005 2.454773 0.000000
-0.107728 -1.052334 2.460043 0.043269
-0.128110 0.510050 2.401973 1.000000
-0.357184 0.249718 2.509624 1.000000
-0.003530 0.204872 2.525745 0.711538
-0.169252 0.268339 2.423112 0.000000
-0.198982 0.102247 2.613279 0.000000
-0.412829 -0.101858 2.493840 1.000000
0.011754 -0.131872 2.511023 1.000000
-0.205212 -0.113904 2.623100 0.000000
-0.453584 0.000967 2.529634 1.000000
0.092280 0.214264 2.276140 1.000000
-0.494225 -0.264579 2.439789 1.000000
0.121378 0.459921 2.138140 1.000000
-0.502968 -0.325531 2.409311 0.290865
0.119705 0.526055 2.119594 1.000000
-0.345858 -0.612466 2.490922 1.000000
-0.090584 -0.627063 2.503942 1.000000
-0.364849 -0.989899 2.609242 1.000000
-0.135282 -0.999527 2.630784 1.000000
-0.369009 -1.039722 2.449640 0.000000
-0.114837 -1.055232 2.474414 0.163462
-0.129245 0.509939 2.396827 1.000000
-0.357641 0.247450 2.511929 1.000000
-0.004247 0.203674 2.518916 0.826923
-0.172016 0.266913 2.420747 0.000000
-0.196443 0.100098 2.611036 0.000000
-0.414746 -0.105270 2.495459 1.000000
0.010353 -0.131351 2.504282 1.000000
-0.204391 -0.113262 2.620540 0.000000
-0.455928 -0.001587 2.522689 1.000000
0.092119 0.218192 2.269320 1.000000
-0.501553 -0.269187 2.440230 1.000000
0.122532 0.462817 2.128877 1.000000
-0.512380 -0.326762 2.404338 0.122596
0.112730 0.528440 2.111044 1.000000
-0.348972 -0.614501 2.492519 1.000000
-0.090612 -0.627701 2.502707 1.000000
-0.358615 -0.993336 2.607441 1.000000
-0.139444 -0.996519 2.638370 1.000000
-0.367240 -1.041622 2.447546 0.000000
-0.120203 -1.056112 2.483285 0.250000
-0.132276 0.511036 2.400679 1.000000
-0.360476 0.246829 2.509444 1.000000
-0.006676 0.204408 2.517912 0.788462
-0.174734 0.265348 2.418305 0.000000
-0.198965 0.101815 2.611446 0.000000
-0.416193 -0.106512 2.495496 1.000000
0.009011 -0.130216 2.505846 1.000000
-0.206251 -0.113397 2.621334 0.000000
-0.460263 -0.001820 2.524397 1.000000
0.089812 0.212539 2.267649 1.000000
-0.506305 -0.269188 2.439998 1.000000
0.121134 0.459021 2.129829 1.000000
-0.506435 -0.331768 2.411643 0.290865
0.105885 0.519799 2.101654 1.000000
-0.349081 -0.615204 2.494422 1.000000
-0.091512 -0.627304 2.504752 1.000000
-0.359837 -0.995025 2.605942 1.000000
-0.140358 -0.996762 2.638658 1.000000
-0.367204 -1.041904 2.445566 0.000000
-0.120888 -1.055634 2.483327 0.278846
-0.138283 0.508960 2.388273 1.000000
-0.362008 0.250945 2.514062 1.000000
-0.006706 0.207152 2.519409 0.894231
-0.176710 0.271534 2.422465 0.000000
-0.200361 0.102668 2.611035 0.000000
-0.417101 -0.105294 2.497453 1.000000
0.008244 -0.127045 2.506159 1.000000
-0.206683 -0.111948 2.622506 0.000000
-0.459439 0.001924 2.523791 1.000000
0.092931 0.203631 2.271097 1.000000
-0.505470 -0.266716 2.446434 1.000000
0.112171 0.447822 2.128721 1.000000
-0.507137 -0.325361 2.410680 0.391827
0.113666 0.507126 2.094064 1.000000
-0.347167 -0.613688 2.492484 1.000000
-0.089797 -0.624581 2.505409 1.000000
-0.361609 -0.993194 2.604653 1.000000
-0.139887 -0.995338 2.635202 1.000000
-0.368677 -1.040311 2.444332 0.000000
-0.120371 -1.052565 2.479264 0.187500
-0.144449 0.515967 2.403984 1.000000
-0.359115 0.249821 2.504084 1.000000
-0.002333 0.213442 2.535439 0.923077
-0.168134 0.274455 2.426182 0.000000
-0.201804 0.104952 2.612647 0.000000
-0.410482 -0.100705 2.482385 1.000000
0.013016 -0.128629 2.518956 1.000000
-0.208743 -0.109006 2.620917 0.000000
-0.457143 0.001320 2.527850 1.000000
0.088799 0.135832 2.295442 1.000000
-0.505958 -0.265702 2.444458 1.000000
0.102517 0.366837 2.130862 1.000000
-0.484365 -0.329394 2.430402 0.290865
0.107446 0.424008 2.093079 1.000000
-0.346320 -0.610417 2.492339 1.000000
-0.096127 -0.624916 2.511609 1.000000
-0.359287 -0.984280 2.622241 1.000000
-0.128061 -1.003167 2.624402 1.000000
-0.359438 -1.039169 2.464255 0.216346
-0.106340 -1.052237 2.465995 0.072115
-0.153865 0.521285 2.408248 1.000000
-0.361466 0.245456 2.504854 1.000000
-0.003975 0.219394 2.538335 0.000000
-0.170742 0.278278 2.429380 0.000000
-0.200531 0.102546 2.610666 0.000000
-0.411322 -0.099808 2.477174 1.000000
0.011911 -0.126207 2.517720 1.000000
-0.210889 -0.107752 2.617608 0.000000
-0.460088 -0.002938 2.540429 1.000000
0.083017 0.069389 2.331883 1.000000
-0.502196 -0.271605 2.453600 1.000000
0.088600 0.267704 2.126617 1.000000
-0.489635 -0.330297 2.420166 0.492788
0.085163 0.316707 2.078582 1.000000
-0.348088 -0.608945 2.491257 1.000000
-0.095396 -0.622892 2.509157 1.000000
-0.358472 -0.981300 2.625645 1.000000
-0.134061 -0.996243 2.635368 1.000000
-0.358293 -1.038082 2.468329 0.245192
-0.109202 -1.051514 2.479485 0.153846
-0.175484 0.526179 2.411090 1.000000